1.000000000000000000e+00
3.346645031887264810e-01
4.977351255586865419e-01
4.886475112381981623e-01
4.891539466249856805e-01
4.891257239518028710e-01
4.891272967439030950e-01
4.891272090975529174e-01
4.891272139807810171e-01
4.891272137093718442e-01
4.891272137233177442e-01
4.891272137245948892e-01
4.891272137218515836e-01
4.891272137244366269e-01
4.891272137230777695e-01
4.891272137227096195e-01
4.891272137244193075e-01
4.891272137223112160e-01
4.891272137240277318e-01
4.891272137228629968e-01
4.891272137244971341e-01
4.891272137085161398e-01
4.891272139818019782e-01
4.891272090957595187e-01
4.891272967467751309e-01
4.891257239483270958e-01
4.891539466278522763e-01
4.886475112370453067e-01
4.977351255581316525e-01
3.346645031898694000e-01
9.999999999999170663e-01
3.346629898031746042e-01
1.119998232170448665e-01
1.665735252500950003e-01
1.635322370714337725e-01
1.637017222500994629e-01
1.636922771686325495e-01
1.636928035217801447e-01
1.636927741912991008e-01
1.636927758242539277e-01
1.636927757343699386e-01
1.636927757388461913e-01
1.636927757389737836e-01
1.636927757378369985e-01
1.636927757399546102e-01
1.636927757381006765e-01
1.636927757380388093e-01
1.636927757402611983e-01
1.636927757375563064e-01
1.636927757385613635e-01
1.636927757400747641e-01
1.636927757373467518e-01
1.636927757348503598e-01
1.636927758250675546e-01
1.636927741897485911e-01
1.636928035235311052e-01
1.636922771670140109e-01
1.637017222511181203e-01
1.635322370715795171e-01
1.665735252488431961e-01
1.119998232184714754e-01
3.346629898031208139e-01
4.977618161996900659e-01
1.665832109234649805e-01
2.477535400852357850e-01
2.432300726756246589e-01
2.434821568725539787e-01
2.434681087042435410e-01
2.434688915805546805e-01
2.434688479527142568e-01
2.434688503836823226e-01
2.434688502480704675e-01
2.434688502574024749e-01
2.434688502536509758e-01
2.434688502566669799e-01
2.434688502555540091e-01
2.434688502555889811e-01
2.434688502542844135e-01
2.434688502580247549e-01
2.434688502532659504e-01
2.434688502564154311e-01
2.434688502562573909e-01
2.434688502546701883e-01
2.434688502491496320e-01
2.434688503840901075e-01
2.434688479520813187e-01
2.434688915807004250e-01
2.434681087044140158e-01
2.434821568722167762e-01
2.432300726764735910e-01
2.477535400837412027e-01
1.665832109249421600e-01
4.977618161996131274e-01
4.881677675881242462e-01
1.633724234119191265e-01
2.429782450942036542e-01
2.385419646993160447e-01
2.387891901303533793e-01
2.387754127306414842e-01
2.387761805192186448e-01
2.387761377311676536e-01
2.387761401149159912e-01
2.387761399834751053e-01
2.387761399911245974e-01
2.387761399877315338e-01
2.387761399917066041e-01
2.387761399893429393e-01
2.387761399895825809e-01
2.387761399897336267e-01
2.387761399909328341e-01
2.387761399884721913e-01
2.387761399906980497e-01
2.387761399899133996e-01
2.387761399896607961e-01
2.387761399834228970e-01
2.387761401154137042e-01
2.387761377316505451e-01
2.387761805177173180e-01
2.387754127320188546e-01
2.387891901298391795e-01
2.385419646994308140e-01
2.429782450937663929e-01
1.633724234125911445e-01
4.881677675880583545e-01
4.977618161995976953e-01
1.665832109259330895e-01
2.477535400823716039e-01
2.432300726772913813e-01
2.434821568728865737e-01
2.434681087024685719e-01
2.434688915823173538e-01
2.434688479523926807e-01
2.434688503820235939e-01
2.434688502510427843e-01
2.434688502545647448e-01
2.434688502551153322e-01
2.434688502567066148e-01
2.434688502550738376e-01
2.434688502551169142e-01
2.434688502562876999e-01
2.434688502552079803e-01
2.434688502554847311e-01
2.434688502557866285e-01
2.434688502554252787e-01
2.434688502559208545e-01
2.434688502485791717e-01
2.434688503836320295e-01
2.434688479530222882e-01
2.434688915801629383e-01
2.434681087041025982e-01
2.434821568730776431e-01
2.432300726757371245e-01
2.477535400839686319e-01
1.665832109250530990e-01
4.977618161995746582e-01
3.346629898030917261e-01
1.119998232202232963e-01
1.665735252466442051e-01
1.635322370729608010e-01
1.637017222514423331e-01
1.636922771654029107e-01
1.636928035248655655e-01
1.636927741900577049e-01
1.636927758233014119e-01
1.636927757364080027e-01
1.636927757374558867e-01
1.636927757385688853e-01
1.636927757398103644e-01
1.636927757377899251e-01
1.636927757390234384e-01
1.636927757387412197e-01
1.636927757388311477e-01
1.636927757382893589e-01
1.636927757394016636e-01
1.636927757378838499e-01
1.636927757398514427e-01
1.636927757331061717e-01
1.636927758256343790e-01
1.636927741899963373e-01
1.636928035232144696e-01
1.636922771668368470e-01
1.637017222518046267e-01
1.635322370707652795e-01
1.665735252494168761e-01
1.119998232182110309e-01
3.346629898030866190e-01
9.999999999999056310e-01
3.346645031912826584e-01
4.977351255561401344e-01
4.886475112390435416e-01
4.891539466262054825e-01
4.891257239498297826e-01
4.891272967449082354e-01
4.891272090981909626e-01
4.891272139793538809e-01
4.891272137099733075e-01
4.891272137245751273e-01
4.891272137217960725e-01
4.891272137247846263e-01
4.891272137227915540e-01
4.891272137229462635e-01
4.891272137240073037e-01
4.891272137230127659e-01
4.891272137230779360e-01
4.891272137240150752e-01
4.891272137224035865e-01
4.891272137250621821e-01
4.891272137081921212e-01
4.891272139814828446e-01
4.891272090970624209e-01
4.891272967445320363e-01
4.891257239508389754e-01
4.891539466260844127e-01
4.886475112374151220e-01
4.977351255589202994e-01
3.346645031888567656e-01
9.999999999999726885e-01
