1.000000000000000000e+00
3.346645031838255124e-01
4.977351255472378666e-01
4.886475112254111686e-01
4.891539466160800820e-01
4.891257239479976371e-01
4.891272967456353205e-01
4.891272091011138468e-01
4.891272139858389711e-01
4.891272137041358659e-01
4.891272137181022495e-01
4.891272137146082666e-01
4.891272137132238740e-01
4.891272137197145153e-01
4.891272137239471296e-01
4.891272137204470405e-01
4.891272137241579610e-01
4.891272137237908657e-01
4.891272137157536837e-01
4.891272137214061067e-01
4.891272137177292700e-01
4.891272137145092902e-01
4.891272137238939499e-01
4.891272137166713385e-01
4.891272137223270366e-01
4.891272137190311176e-01
4.891272137247265617e-01
4.891272137145494803e-01
4.891272137232839379e-01
4.891272137188654723e-01
4.891272137155276978e-01
4.891272137233202977e-01
4.891272137183408919e-01
4.891272137154277222e-01
4.891272137248061647e-01
4.891272137160704303e-01
4.891272137205722181e-01
4.891272137251514440e-01
4.891272137143002352e-01
4.891272137265494924e-01
4.891272137134940468e-01
4.891272137228517836e-01
4.891272137134592968e-01
4.891272137220913363e-01
4.891272137157682831e-01
4.891272137259851660e-01
4.891272137192737568e-01
4.891272137258998454e-01
4.891272137203947490e-01
4.891272137209068394e-01
4.891272137126472241e-01
4.891272137163928946e-01
4.891272137151573274e-01
4.891272137065977299e-01
4.891272139850493250e-01
4.891272091009713496e-01
4.891272967448009323e-01
4.891257239506845433e-01
4.891539466127929892e-01
4.886475112271506660e-01
4.977351255477959757e-01
3.346645031822110261e-01
1.000000000000130340e+00
3.346645031769245882e-01
1.120003297060848391e-01
1.665742785205800713e-01
1.635329765947296232e-01
1.637024625337558381e-01
1.636930174055095943e-01
1.636935437566248430e-01
1.636935144242738505e-01
1.636935160490078645e-01
1.636935159630565906e-01
1.636935159721428779e-01
1.636935159859042588e-01
1.636935159772855697e-01
1.636935159767137493e-01
1.636935159673519602e-01
1.636935159701171927e-01
1.636935159775610160e-01
1.636935159739413004e-01
1.636935159723703348e-01
1.636935159719083988e-01
1.636935159741245982e-01
1.636935159815165464e-01
1.636935159770000481e-01
1.636935159775224635e-01
1.636935159764969228e-01
1.636935159754619173e-01
1.636935159877102308e-01
1.636935159713065469e-01
1.636935159741166046e-01
1.636935159803997730e-01
1.636935159672220086e-01
1.636935159980172638e-01
1.636935159713546195e-01
1.636935159758026448e-01
1.636935159752910540e-01
1.636935159742609613e-01
1.636935159831574838e-01
1.636935159789049687e-01
1.636935159743687640e-01
1.636935159801932438e-01
1.636935159725795563e-01
1.636935159864066069e-01
1.636935159713430177e-01
1.636935159714122956e-01
1.636935159747237023e-01
1.636935159720386279e-01
1.636935159783326765e-01
1.636935159690308950e-01
1.636935159702780085e-01
1.636935159725074751e-01
1.636935159805019968e-01
1.636935159850849142e-01
1.636935159717993471e-01
1.636935159618421454e-01
1.636935160529259248e-01
1.636935144195039993e-01
1.636935437593771969e-01
1.636930174053478071e-01
1.637024625340443296e-01
1.635329765910401578e-01
1.665742785275999560e-01
1.120003296994954295e-01
3.346645031772234047e-01
4.977351255455078061e-01
1.665742785170817308e-01
2.477402552115775813e-01
2.432170303722514249e-01
2.434691010489975771e-01
2.434550536264605269e-01
2.434558364529032792e-01
2.434557928183439801e-01
2.434557952485709442e-01
2.434557951206544057e-01
2.434557951375414808e-01
2.434557951519495389e-01
2.434557951487631988e-01
2.434557951523730057e-01
2.434557951371036921e-01
2.434557951282712296e-01
2.434557951178108470e-01
2.434557951226538064e-01
2.434557951338145454e-01
2.434557951425488642e-01
2.434557951470152082e-01
2.434557951494355499e-01
2.434557951340206305e-01
2.434557951330140746e-01
2.434557951215534366e-01
2.434557951256217101e-01
2.434557951316353996e-01
2.434557951354154315e-01
2.434557951378436558e-01
2.434557951466547743e-01
2.434557951221737182e-01
2.434557951425895261e-01
2.434557951275599930e-01
2.434557951398651499e-01
2.434557951416084776e-01
2.434557951358187200e-01
2.434557951295992506e-01
2.434557951259564701e-01
2.434557951238620899e-01
2.434557951298966794e-01
2.434557951356053906e-01
2.434557951499222439e-01
2.434557951457701208e-01
2.434557951431044198e-01
2.434557951341903559e-01
2.434557951218650207e-01
2.434557951189984526e-01
2.434557951258783104e-01
2.434557951411358556e-01
2.434557951476730708e-01
2.434557951523087516e-01
2.434557951504267015e-01
2.434557951380730001e-01
2.434557951194099013e-01
2.434557952507180323e-01
2.434557928172459695e-01
2.434558364508779549e-01
2.434550536311053948e-01
2.434691010451153215e-01
2.432170303719625726e-01
2.477402552159880533e-01
1.665742785121069602e-01
4.977351255457850843e-01
4.886475112294864642e-01
1.635329765851375461e-01
2.432170303606795980e-01
2.387763902453746145e-01
2.390238586425547374e-01
2.390100676868663065e-01
2.390108362203842707e-01
2.390107933956270025e-01
2.390107957934922978e-01
2.390107956679438372e-01
2.390107956710562642e-01
2.390107956611427775e-01
2.390107956613773954e-01
2.390107956606833117e-01
2.390107956630752040e-01
2.390107956623498675e-01
2.390107956555090618e-01
2.390107956625257268e-01
2.390107956727733352e-01
2.390107956687669566e-01
2.390107956626727204e-01
2.390107956616245310e-01
2.390107956524591959e-01
2.390107956710694759e-01
2.390107956678927392e-01
2.390107956598996053e-01
2.390107956514173349e-01
2.390107956605107831e-01
2.390107956577953441e-01
2.390107956682505363e-01
2.390107956581814797e-01
2.390107956576155712e-01
2.390107956618643392e-01
2.390107956629008157e-01
2.390107956621978225e-01
2.390107956585441340e-01
2.390107956514846144e-01
2.390107956597894989e-01
2.390107956698823699e-01
2.390107956667874012e-01
2.390107956577804393e-01
2.390107956572888881e-01
2.390107956644988429e-01
2.390107956696548019e-01
2.390107956701746084e-01
2.390107956654101973e-01
2.390107956533134292e-01
2.390107956636716990e-01
2.390107956622989360e-01
2.390107956612209372e-01
2.390107956611447204e-01
2.390107956608226725e-01
2.390107956718650062e-01
2.390107956673898082e-01
2.390107957925973192e-01
2.390107933988660505e-01
2.390108362149775678e-01
2.390100676930401735e-01
2.390238586375081076e-01
2.387763902480443956e-01
2.432170303602214645e-01
1.635329765845698335e-01
4.886475112295024514e-01
4.891539466300239281e-01
1.637024625293085067e-01
2.434691010295276792e-01
2.390238586297335488e-01
2.392715834935983110e-01
2.392577782656473695e-01
2.392585476027507541e-01
2.392585047262961173e-01
2.392585071187060264e-01
2.392585069866258185e-01
2.392585069918642671e-01
2.392585069953315213e-01
2.392585069892448901e-01
2.392585069820710175e-01
2.392585069927301300e-01
2.392585069883288451e-01
2.392585069921253083e-01
2.392585069986694346e-01
2.392585070006650605e-01
2.392585069987474555e-01
2.392585069872493198e-01
2.392585069914215101e-01
2.392585069832051103e-01
2.392585069806382747e-01
2.392585069966671196e-01
2.392585070006331693e-01
2.392585070088810439e-01
2.392585070199630404e-01
2.392585070072582587e-01
2.392585069987815671e-01
2.392585069837813994e-01
2.392585069741930692e-01
2.392585069833654543e-01
2.392585069988134583e-01
2.392585070079815135e-01
2.392585070193499475e-01
2.392585070079989995e-01
2.392585070032110517e-01
2.392585069942129716e-01
2.392585069803307984e-01
2.392585069873761072e-01
2.392585069850226842e-01
2.392585069926722874e-01
2.392585069966408351e-01
2.392585069993833080e-01
2.392585070018644344e-01
2.392585069882333104e-01
2.392585069927719577e-01
2.392585069875980408e-01
2.392585069871117354e-01
2.392585069859802238e-01
2.392585069956841004e-01
2.392585069937446518e-01
2.392585069846351609e-01
2.392585071190788115e-01
2.392585047274259913e-01
2.392585476017295154e-01
2.392577782651729434e-01
2.392715834954541598e-01
2.390238586277631527e-01
2.434691010305935766e-01
1.637024625290569302e-01
4.891539466299125172e-01
4.891257239320555561e-01
1.636930174101010049e-01
2.434550536142442434e-01
2.390100676764752297e-01
2.392577782463440605e-01
2.392439738158002038e-01
2.392447431171953187e-01
2.392447002588320160e-01
2.392447026462121151e-01
2.392447025041266051e-01
2.392447025060662202e-01
2.392447025094426027e-01
2.392447024979700299e-01
2.392447024956519119e-01
2.392447025035534802e-01
2.392447025036646135e-01
2.392447025243869263e-01
2.392447025234901159e-01
2.392447025159799845e-01
2.392447025089768364e-01
2.392447025031518848e-01
2.392447025007866657e-01
2.392447024942988554e-01
2.392447024944012179e-01
2.392447025106105296e-01
2.392447025071195166e-01
2.392447025168452368e-01
2.392447025078766054e-01
2.392447024973660685e-01
2.392447024954974244e-01
2.392447025086444357e-01
2.392447025110416292e-01
2.392447025064109722e-01
2.392447024981372850e-01
2.392447024961358859e-01
2.392447025077951983e-01
2.392447025163416119e-01
2.392447025098199120e-01
2.392447025063088872e-01
2.392447024976479819e-01
2.392447024946975920e-01
2.392447024963641200e-01
2.392447025094784074e-01
2.392447025036897879e-01
2.392447025184085696e-01
2.392447025239522185e-01
2.392447025220583445e-01
2.392447025068016320e-01
2.392447025004291461e-01
2.392447024979283965e-01
2.392447024973901881e-01
2.392447025080403356e-01
2.392447025086886780e-01
2.392447025017601370e-01
2.392447026472608596e-01
2.392447002588342087e-01
2.392447431175104278e-01
2.392439738138598115e-01
2.392577782500808492e-01
2.390100676719570383e-01
2.434550536181398495e-01
1.636930174077061428e-01
4.891257239320286887e-01
4.891272970069479586e-01
1.636935438507312324e-01
2.434558365674579505e-01
2.390108363535397573e-01
2.392585477271065020e-01
2.392447432474771873e-01
2.392455125529847904e-01
2.392454696745848486e-01
2.392454720669523194e-01
2.392454719267957941e-01
2.392454719448732225e-01
2.392454719490756387e-01
2.392454719410817277e-01
2.392454719409382868e-01
2.392454719384146944e-01
2.392454719361999937e-01
2.392454719313478195e-01
2.392454719304400457e-01
2.392454719306858490e-01
2.392454719317548550e-01
2.392454719425406440e-01
2.392454719490067494e-01
2.392454719593676005e-01
2.392454719370623040e-01
2.392454719402540841e-01
2.392454719320130929e-01
2.392454719286751796e-01
2.392454719364973115e-01
2.392454719382562101e-01
2.392454719373648397e-01
2.392454719397330842e-01
2.392454719357280102e-01
2.392454719393469487e-01
2.392454719375554928e-01
2.392454719389377205e-01
2.392454719349061121e-01
2.392454719301969623e-01
2.392454719321172596e-01
2.392454719375923522e-01
2.392454719415149089e-01
2.392454719555353604e-01
2.392454719497412730e-01
2.392454719455216761e-01
2.392454719269540009e-01
2.392454719343021230e-01
2.392454719297549826e-01
2.392454719300047550e-01
2.392454719369238314e-01
2.392454719403457608e-01
2.392454719365570692e-01
2.392454719458914913e-01
2.392454719458669832e-01
2.392454719458646795e-01
2.392454719274058617e-01
2.392454720653306444e-01
2.392454696772904899e-01
2.392455125491496915e-01
2.392447432513866157e-01
2.392585477251780723e-01
2.390108363520166979e-01
2.434558365716004980e-01
1.636935438467046755e-01
4.891272970070818515e-01
4.891272044555148302e-01
1.636935128881515100e-01
2.434557905349973295e-01
2.390107911480938707e-01
2.392585024862469156e-01
2.392446979936620477e-01
2.392454672798970672e-01
2.392454244159928356e-01
2.392454267985110739e-01
2.392454266472631152e-01
2.392454266601788115e-01
2.392454266522896500e-01
2.392454266709232447e-01
2.392454266921342221e-01
2.392454267045673322e-01
2.392454266883478342e-01
2.392454266791525785e-01
2.392454266665031137e-01
2.392454266600129165e-01
2.392454266597610624e-01
2.392454266776695981e-01
2.392454266658957385e-01
2.392454266883377867e-01
2.392454266896602844e-01
2.392454266912498184e-01
2.392454266725380363e-01
2.392454266634613524e-01
2.392454266555814613e-01
2.392454266698447463e-01
2.392454266796307238e-01
2.392454266958480014e-01
2.392454267007921853e-01
2.392454266967392329e-01
2.392454266787126249e-01
2.392454266702038757e-01
2.392454266554130404e-01
2.392454266640269833e-01
2.392454266721621703e-01
2.392454266895868986e-01
2.392454266945955033e-01
2.392454266814222630e-01
2.392454266713782418e-01
2.392454266763441584e-01
2.392454266575001209e-01
2.392454266623967873e-01
2.392454266669463980e-01
2.392454266763820447e-01
2.392454266899635695e-01
2.392454267069845653e-01
2.392454266864494361e-01
2.392454266760191406e-01
2.392454266510995187e-01
2.392454266575311794e-01
2.392454266509376759e-01
2.392454267961259540e-01
2.392454244173981004e-01
2.392454672776642421e-01
2.392446979970721810e-01
2.392585024839516128e-01
2.390107911465549906e-01
2.434557905401516231e-01
1.636935128828360675e-01
4.891272044557691268e-01
4.891272970070597026e-01
1.636935438468385406e-01
2.434558365721749551e-01
2.390108363506678879e-01
2.392585477262282045e-01
2.392447432519909101e-01
2.392455125467974619e-01
2.392454696798222979e-01
2.392454720645406374e-01
2.392454719259665685e-01
2.392454719482567660e-01
2.392454719440772759e-01
2.392454719469377100e-01
2.392454719349299264e-01
2.392454719435710975e-01
2.392454719330172064e-01
2.392454719321665257e-01
2.392454719311589428e-01
2.392454719300002586e-01
2.392454719313399647e-01
2.392454719437077937e-01
2.392454719484065628e-01
2.392454719586031286e-01
2.392454719383287076e-01
2.392454719405942010e-01
2.392454719285160292e-01
2.392454719348299785e-01
2.392454719301716770e-01
2.392454719419749853e-01
2.392454719375032290e-01
2.392454719365736115e-01
2.392454719399875473e-01
2.392454719357069159e-01
2.392454719396432394e-01
2.392454719388103779e-01
2.392454719329311363e-01
2.392454719339548175e-01
2.392454719277766484e-01
2.392454719406703623e-01
2.392454719412127617e-01
2.392454719529313600e-01
2.392454719539540142e-01
2.392454719413538433e-01
2.392454719302362087e-01
2.392454719317732570e-01
2.392454719318362899e-01
2.392454719286501164e-01
2.392454719368720950e-01
2.392454719419189468e-01
2.392454719345280534e-01
2.392454719467400903e-01
2.392454719470467062e-01
2.392454719433884658e-01
2.392454719295322163e-01
2.392454720647395061e-01
2.392454696764393374e-01
2.392455125506590674e-01
2.392447432495177495e-01
2.392585477279871031e-01
2.390108363477029263e-01
2.434558365767049426e-01
1.636935438427188916e-01
4.891272970072426118e-01
4.891257239321742389e-01
1.636930174048011055e-01
2.434550536209128535e-01
2.390100676716562789e-01
2.392577782471093373e-01
2.392439738187485676e-01
2.392447431129747781e-01
2.392447002614854767e-01
2.392447026465433502e-01
2.392447025013264561e-01
2.392447025098379532e-01
2.392447025058059007e-01
2.392447025012360007e-01
2.392447024929099109e-01
2.392447025049928289e-01
2.392447025045865983e-01
2.392447025211144052e-01
2.392447025273077565e-01
2.392447025142319939e-01
2.392447025075315759e-01
2.392447025061462396e-01
2.392447024995588978e-01
2.392447024916476150e-01
2.392447024998864691e-01
2.392447025058127563e-01
2.392447025080888801e-01
2.392447025200373500e-01
2.392447025030172147e-01
2.392447025007804762e-01
2.392447024950515033e-01
2.392447025066759547e-01
2.392447025139345651e-01
2.392447025038933472e-01
2.392447024993423765e-01
2.392447024971072478e-01
2.392447025039506903e-01
2.392447025227099899e-01
2.392447025028859864e-01
2.392447025110189252e-01
2.392447024969840408e-01
2.392447024917394305e-01
2.392447025007775618e-01
2.392447025057247156e-01
2.392447025062034438e-01
2.392447025164322616e-01
2.392447025259663296e-01
2.392447025205096944e-01
2.392447025068858424e-01
2.392447025019263096e-01
2.392447024961153745e-01
2.392447024979695580e-01
2.392447025089482759e-01
2.392447025076743505e-01
2.392447025013577921e-01
2.392447026489893658e-01
2.392447002576739701e-01
2.392447431162033900e-01
2.392439738175162756e-01
2.392577782464021807e-01
2.390100676731473361e-01
2.434550536197555848e-01
1.636930174052723397e-01
4.891257239321623040e-01
4.891539466300978689e-01
1.637024625248455212e-01
2.434691010352618701e-01
2.390238586252615427e-01
2.392715834950933929e-01
2.392577782668703079e-01
2.392585476005677780e-01
2.392585047277096533e-01
2.392585071184525070e-01
2.392585069866928760e-01
2.392585069909325957e-01
2.392585069971227552e-01
2.392585069874757775e-01
2.392585069834617384e-01
2.392585069907282314e-01
2.392585069924079710e-01
2.392585069859851921e-01
2.392585070045318840e-01
2.392585069982314516e-01
2.392585069965788014e-01
2.392585069918605478e-01
2.392585069883481907e-01
2.392585069821153987e-01
2.392585069852914970e-01
2.392585069913402973e-01
2.392585070041194917e-01
2.392585070076737874e-01
2.392585070200877184e-01
2.392585070070204767e-01
2.392585069994851155e-01
2.392585069825766686e-01
2.392585069762926953e-01
2.392585069800221564e-01
2.392585070026153615e-01
2.392585070059163876e-01
2.392585070175643203e-01
2.392585070136421799e-01
2.392585069962697431e-01
2.392585069991582936e-01
2.392585069789489038e-01
2.392585069862903091e-01
2.392585069862431524e-01
2.392585069927064823e-01
2.392585069957109956e-01
2.392585070002460901e-01
2.392585070011737092e-01
2.392585069896659700e-01
2.392585069900304562e-01
2.392585069908219619e-01
2.392585069850902968e-01
2.392585069859997082e-01
2.392585069965502409e-01
2.392585069940970921e-01
2.392585069821456800e-01
2.392585071222136928e-01
2.392585047265445297e-01
2.392585475985646304e-01
2.392577782713847245e-01
2.392715834893655302e-01
2.390238586308779667e-01
2.434691010308010217e-01
1.637024625274858536e-01
4.891539466300230954e-01
4.886475112295412537e-01
1.635329765825586923e-01
2.432170303639024644e-01
2.387763902431380980e-01
2.390238586426411682e-01
2.390100676888891051e-01
2.390108362171988188e-01
2.390107933990499867e-01
2.390107957900444724e-01
2.390107956716580051e-01
2.390107956673513667e-01
2.390107956636836894e-01
2.390107956611351725e-01
2.390107956590309668e-01
2.390107956643883480e-01
2.390107956637816944e-01
2.390107956510662268e-01
2.390107956674933087e-01
2.390107956706464531e-01
2.390107956665893929e-01
2.390107956677435253e-01
2.390107956564109237e-01
2.390107956561625113e-01
2.390107956687357038e-01
2.390107956695722013e-01
2.390107956590923899e-01
2.390107956505599096e-01
2.390107956628972907e-01
2.390107956556387914e-01
2.390107956683645007e-01
2.390107956597446182e-01
2.390107956572454229e-01
2.390107956581837279e-01
2.390107956705241621e-01
2.390107956540866163e-01
2.390107956631797592e-01
2.390107956514819221e-01
2.390107956573617465e-01
2.390107956717456295e-01
2.390107956664679900e-01
2.390107956579586856e-01
2.390107956556789814e-01
2.390107956673417633e-01
2.390107956671824185e-01
2.390107956713368176e-01
2.390107956646465581e-01
2.390107956553839674e-01
2.390107956599846206e-01
2.390107956658731603e-01
2.390107956599381855e-01
2.390107956597261607e-01
2.390107956631595532e-01
2.390107956708478198e-01
2.390107956664590805e-01
2.390107957941744188e-01
2.390107933983125210e-01
2.390108362142646659e-01
2.390100676936511293e-01
2.390238586386540520e-01
2.387763902447151976e-01
2.432170303644976550e-01
1.635329765812978120e-01
4.886475112296042589e-01
4.977351255455014223e-01
1.665742785170279128e-01
2.477402552115725021e-01
2.432170303724180416e-01
2.434691010486534635e-01
2.434550536267939547e-01
2.434558364528720265e-01
2.434557928180244024e-01
2.434557952490531696e-01
2.434557951200864712e-01
2.434557951387378572e-01
2.434557951491976846e-01
2.434557951533796727e-01
2.434557951471965909e-01
2.434557951403897580e-01
2.434557951286600852e-01
2.434557951143703769e-01
2.434557951263365549e-01
2.434557951327388503e-01
2.434557951402607223e-01
2.434557951512794360e-01
2.434557951449313473e-01
2.434557951382742835e-01
2.434557951286869248e-01
2.434557951254488484e-01
2.434557951239275930e-01
2.434557951299440026e-01
2.434557951388011676e-01
2.434557951370608653e-01
2.434557951413179322e-01
2.434557951327692704e-01
2.434557951320971969e-01
2.434557951320341640e-01
2.434557951433991840e-01
2.434557951330267034e-01
2.434557951446794932e-01
2.434557951231953732e-01
2.434557951302940004e-01
2.434557951203177029e-01
2.434557951324883840e-01
2.434557951353608085e-01
2.434557951474070892e-01
2.434557951491614358e-01
2.434557951417307964e-01
2.434557951322929015e-01
2.434557951256880459e-01
2.434557951156019751e-01
2.434557951279304466e-01
2.434557951393910846e-01
2.434557951505149920e-01
2.434557951484504490e-01
2.434557951538389164e-01
2.434557951363386097e-01
2.434557951196666681e-01
2.434557952509605605e-01
2.434557928168155361e-01
2.434558364522779461e-01
2.434550536279701527e-01
2.434691010495226848e-01
2.432170303678368450e-01
2.477402552185820617e-01
1.665742785110566893e-01
4.977351255457261869e-01
3.346645031769204248e-01
1.120003297082800137e-01
1.665742785177458107e-01
1.635329765968945581e-01
1.637024625333212968e-01
1.636930174039110397e-01
1.636935437598907028e-01
1.636935144201280001e-01
1.636935160532984879e-01
1.636935159589452959e-01
1.636935159762977487e-01
1.636935159814092711e-01
1.636935159817625995e-01
1.636935159735243561e-01
1.636935159678651608e-01
1.636935159724684785e-01
1.636935159739821288e-01
1.636935159762850645e-01
1.636935159726938815e-01
1.636935159696221442e-01
1.636935159763482084e-01
1.636935159807947071e-01
1.636935159764206504e-01
1.636935159784786709e-01
1.636935159751712887e-01
1.636935159783408644e-01
1.636935159827253017e-01
1.636935159763621139e-01
1.636935159732308687e-01
1.636935159738657219e-01
1.636935159802680728e-01
1.636935159836383769e-01
1.636935159810469498e-01
1.636935159736813139e-01
1.636935159713598653e-01
1.636935159805170126e-01
1.636935159774114412e-01
1.636935159833808329e-01
1.636935159710508902e-01
1.636935159819115082e-01
1.636935159733065026e-01
1.636935159834569664e-01
1.636935159746017721e-01
1.636935159702815890e-01
1.636935159726817801e-01
1.636935159762849257e-01
1.636935159736798429e-01
1.636935159731167100e-01
1.636935159665608430e-01
1.636935159762388514e-01
1.636935159771004400e-01
1.636935159874062795e-01
1.636935159707787468e-01
1.636935159621806246e-01
1.636935160527097366e-01
1.636935144193433500e-01
1.636935437606086285e-01
1.636930174031596963e-01
1.637024625357124674e-01
1.635329765915606026e-01
1.665742785249448854e-01
1.120003297023269423e-01
3.346645031770636436e-01
9.999999999999659162e-01
3.346645031877017451e-01
4.977351255419379394e-01
4.886475112302909318e-01
4.891539466129385394e-01
4.891257239494559705e-01
4.891272967448581643e-01
4.891272091024186364e-01
4.891272139835087795e-01
4.891272137070875603e-01
4.891272137154445421e-01
4.891272137164294764e-01
4.891272137119978547e-01
4.891272137212170912e-01
4.891272137216083893e-01
4.891272137231619799e-01
4.891272137224386141e-01
4.891272137234607964e-01
4.891272137177944956e-01
4.891272137195867842e-01
4.891272137171030487e-01
4.891272137185745383e-01
4.891272137172733570e-01
4.891272137241370888e-01
4.891272137151324029e-01
4.891272137261122865e-01
4.891272137172689161e-01
4.891272137219911942e-01
4.891272137174956236e-01
4.891272137214122684e-01
4.891272137162872569e-01
4.891272137210566084e-01
4.891272137198889869e-01
4.891272137155421862e-01
4.891272137240124662e-01
4.891272137156829070e-01
4.891272137233545481e-01
4.891272137202260506e-01
4.891272137202590797e-01
4.891272137206305048e-01
4.891272137188941160e-01
4.891272137180727175e-01
4.891272137177170576e-01
4.891272137181765234e-01
4.891272137198160452e-01
4.891272137212805959e-01
4.891272137248021679e-01
4.891272137200944337e-01
4.891272137255267549e-01
4.891272137173192647e-01
4.891272137143857779e-01
4.891272137164008327e-01
4.891272137137403497e-01
4.891272137088471528e-01
4.891272139830463717e-01
4.891272091014796652e-01
4.891272967463994314e-01
4.891257239478329910e-01
4.891539466149810722e-01
4.886475112272456456e-01
4.977351255456102241e-01
3.346645031847077512e-01
1.000000000000009326e+00
