1.000000000000000000e+00
3.346645031841456452e-01
4.977351255751895631e-01
4.886475112506931118e-01
4.891539466480024911e-01
4.891257239529264167e-01
4.891272967391914195e-01
4.891272090942052619e-01
4.891272139857878454e-01
4.891272137146614463e-01
4.891272137211276627e-01
4.891272137244153662e-01
4.891272137367776995e-01
4.891272137397953967e-01
4.891272137398723907e-01
4.891272137436517564e-01
4.891272137273216525e-01
4.891272137440567103e-01
4.891272137195932790e-01
4.891272137145481480e-01
4.891272137184973778e-01
4.891272137173972023e-01
4.891272137271336362e-01
4.891272137268484199e-01
4.891272137276092558e-01
4.891272137330955894e-01
4.891272137378611107e-01
4.891272137344670479e-01
4.891272137292597688e-01
4.891272137261731823e-01
4.891272137180370239e-01
4.891272137148977017e-01
4.891272137304567558e-01
4.891272137155139310e-01
4.891272137489595107e-01
4.891272137422838506e-01
4.891272137389713337e-01
4.891272137365521577e-01
4.891272137178475643e-01
4.891272137187492874e-01
4.891272137255915919e-01
4.891272137159802247e-01
4.891272137334098935e-01
4.891272137228642736e-01
4.891272137330608394e-01
4.891272137420842880e-01
4.891272137359681804e-01
4.891272137359582994e-01
4.891272137290557098e-01
4.891272137188423796e-01
4.891272137111963292e-01
4.891272137278089294e-01
4.891272137152213872e-01
4.891272137445247248e-01
4.891272137334720105e-01
4.891272137426359023e-01
4.891272137207988702e-01
4.891272137218080629e-01
4.891272137089459071e-01
4.891272137405863196e-01
4.891272137168083955e-01
4.891272137318552482e-01
4.891272137340807458e-01
4.891272137438707479e-01
4.891272137368890549e-01
4.891272137268926623e-01
4.891272137229007999e-01
4.891272137341233783e-01
4.891272137157948730e-01
4.891272137138550358e-01
4.891272137304934486e-01
4.891272137312023816e-01
4.891272137452422064e-01
4.891272137343711246e-01
4.891272137216505778e-01
4.891272137257702823e-01
4.891272137094253569e-01
4.891272137224369487e-01
4.891272137258588226e-01
4.891272137366894923e-01
4.891272137387738250e-01
4.891272137361481476e-01
4.891272137406134091e-01
4.891272137160414535e-01
4.891272137382348117e-01
4.891272137129399344e-01
4.891272137292563826e-01
4.891272137121153163e-01
4.891272137278727117e-01
4.891272137259564667e-01
4.891272137453275826e-01
4.891272137436847856e-01
4.891272137400567988e-01
4.891272137269586651e-01
4.891272137228225847e-01
4.891272137145121768e-01
4.891272137255479602e-01
4.891272137169839218e-01
4.891272137340906268e-01
4.891272137370603623e-01
4.891272137306648116e-01
4.891272137395759056e-01
4.891272137270118447e-01
4.891272137217165805e-01
4.891272137339066628e-01
4.891272137149261789e-01
4.891272137142594345e-01
4.891272137227813399e-01
4.891272137132644526e-01
4.891272137431073586e-01
4.891272137357822736e-01
4.891272137313151802e-01
4.891272137496395223e-01
4.891272137362919770e-01
4.891272137337462356e-01
4.891272137299695344e-01
4.891272137170737389e-01
4.891272137148541255e-01
4.891272139887828940e-01
4.891272090907252124e-01
4.891272967407120920e-01
4.891257239545750424e-01
4.891539466441454098e-01
4.886475112552530198e-01
4.977351255717941680e-01
3.346645031861721353e-01
1.000000000000166755e+00
3.346645032373724016e-01
1.120003296994630249e-01
1.665742785331137676e-01
1.635329765786420753e-01
1.637024625298854341e-01
1.636930174097651070e-01
1.636935437790216774e-01
1.636935144323354852e-01
1.636935160564009784e-01
1.636935159562527831e-01
1.636935159634198278e-01
1.636935159719599131e-01
1.636935159538808748e-01
1.636935159556134889e-01
1.636935159396121497e-01
1.636935159559435582e-01
1.636935159601519141e-01
1.636935159808231843e-01
1.636935159678508944e-01
1.636935160049675930e-01
1.636935160024691471e-01
1.636935160177523385e-01
1.636935159960246911e-01
1.636935159920092642e-01
1.636935159837174525e-01
1.636935159763319714e-01
1.636935159961779573e-01
1.636935160072564843e-01
1.636935159910896664e-01
1.636935159845139265e-01
1.636935159763074077e-01
1.636935159650160232e-01
1.636935159800114725e-01
1.636935159681653373e-01
1.636935159670095952e-01
1.636935159575564902e-01
1.636935159770290804e-01
1.636935159767343717e-01
1.636935159893919134e-01
1.636935159813766860e-01
1.636935159813886209e-01
1.636935159770616377e-01
1.636935159613259194e-01
1.636935159683964303e-01
1.636935159617308733e-01
1.636935159703852838e-01
1.636935159824219888e-01
1.636935159917864147e-01
1.636935159838004694e-01
1.636935159827131447e-01
1.636935159840613718e-01
1.636935159889825742e-01
1.636935159725511624e-01
1.636935159886301894e-01
1.636935159706275067e-01
1.636935159813506235e-01
1.636935159844070398e-01
1.636935159979954202e-01
1.636935160001119216e-01
1.636935159839414400e-01
1.636935159904530090e-01
1.636935159796248929e-01
1.636935159487135083e-01
1.636935159550926000e-01
1.636935159504044057e-01
1.636935159769185300e-01
1.636935159930609784e-01
1.636935159825976260e-01
1.636935159998122169e-01
1.636935159989312272e-01
1.636935159848193488e-01
1.636935159779374649e-01
1.636935159771419623e-01
1.636935159804243922e-01
1.636935159806303941e-01
1.636935159820714636e-01
1.636935159895192005e-01
1.636935159787361038e-01
1.636935159860118949e-01
1.636935159911896975e-01
1.636935159828760700e-01
1.636935159676171647e-01
1.636935159687049057e-01
1.636935159578467303e-01
1.636935159724833000e-01
1.636935159689775765e-01
1.636935159848657284e-01
1.636935159813535934e-01
1.636935159881641177e-01
1.636935159782798299e-01
1.636935159740769974e-01
1.636935159636944415e-01
1.636935159573208176e-01
1.636935159790273431e-01
1.636935159713523713e-01
1.636935159690152131e-01
1.636935159762323844e-01
1.636935159837645815e-01
1.636935159892481673e-01
1.636935160128575040e-01
1.636935159889451319e-01
1.636935159814784657e-01
1.636935159833707576e-01
1.636935159881656998e-01
1.636935160009771184e-01
1.636935160147677815e-01
1.636935160032079450e-01
1.636935160039114101e-01
1.636935159720568633e-01
1.636935159732111900e-01
1.636935159679616947e-01
1.636935159519392891e-01
1.636935159380507321e-01
1.636935159605255319e-01
1.636935159497679981e-01
1.636935159720067923e-01
1.636935159674720586e-01
1.636935159511620219e-01
1.636935160584973570e-01
1.636935144359625838e-01
1.636935437697145390e-01
1.636930174221515877e-01
1.637024625181764392e-01
1.635329765870271734e-01
1.665742785286745964e-01
1.120003297009788262e-01
3.346645032374895301e-01
4.977351255402355790e-01
1.665742785123779379e-01
2.477402552014285331e-01
2.432170303493803587e-01
2.434691010410905410e-01
2.434550536279327382e-01
2.434558364706725375e-01
2.434557928386965608e-01
2.434557952854781993e-01
2.434557951470818216e-01
2.434557951394577258e-01
2.434557951631023398e-01
2.434557951243724039e-01
2.434557951285818422e-01
2.434557951241686224e-01
2.434557951425688482e-01
2.434557951325272696e-01
2.434557951449136115e-01
2.434557951489710603e-01
2.434557951505366413e-01
2.434557951428158729e-01
2.434557951433900524e-01
2.434557951361425165e-01
2.434557951047481850e-01
2.434557951271824061e-01
2.434557951397681164e-01
2.434557951306199897e-01
2.434557951238670581e-01
2.434557951245442664e-01
2.434557951247006968e-01
2.434557951431650102e-01
2.434557951375334595e-01
2.434557951589210179e-01
2.434557951378707175e-01
2.434557951593923353e-01
2.434557951293979394e-01
2.434557951320004410e-01
2.434557951129376341e-01
2.434557951503810436e-01
2.434557951552322186e-01
2.434557951589602087e-01
2.434557951597613734e-01
2.434557951324748948e-01
2.434557951263796316e-01
2.434557951370933671e-01
2.434557951347672000e-01
2.434557951377881724e-01
2.434557951280290067e-01
2.434557951415336208e-01
2.434557951518346308e-01
2.434557951468807047e-01
2.434557951424106692e-01
2.434557951240845231e-01
2.434557951333065628e-01
2.434557951284790078e-01
2.434557951548341759e-01
2.434557951452322178e-01
2.434557951465626535e-01
2.434557951503441564e-01
2.434557951508647955e-01
2.434557951450485314e-01
2.434557951286285826e-01
2.434557951112971685e-01
2.434557951180909008e-01
2.434557951114149910e-01
2.434557951290657607e-01
2.434557951431745859e-01
2.434557951545547327e-01
2.434557951459505321e-01
2.434557951491995165e-01
2.434557951470562587e-01
2.434557951479676408e-01
2.434557951379746898e-01
2.434557951251990204e-01
2.434557951280491572e-01
2.434557951419013266e-01
2.434557951467159476e-01
2.434557951505171292e-01
2.434557951435773471e-01
2.434557951276626331e-01
2.434557951355188765e-01
2.434557951373021445e-01
2.434557951385207530e-01
2.434557951188312253e-01
2.434557951441402301e-01
2.434557951492538619e-01
2.434557951639563234e-01
2.434557951568796230e-01
2.434557951442143930e-01
2.434557951211693827e-01
2.434557951226401784e-01
2.434557951400447562e-01
2.434557951475330717e-01
2.434557951490724792e-01
2.434557951510056828e-01
2.434557951400591336e-01
2.434557951456729208e-01
2.434557951194737668e-01
2.434557951288833233e-01
2.434557951228732697e-01
2.434557951278459587e-01
2.434557951445394386e-01
2.434557951229551487e-01
2.434557951067221615e-01
2.434557951366233541e-01
2.434557951409796472e-01
2.434557951469494830e-01
2.434557951444643320e-01
2.434557951561808209e-01
2.434557951390425301e-01
2.434557951338261750e-01
2.434557951471153781e-01
2.434557951161815392e-01
2.434557951350177218e-01
2.434557951236401008e-01
2.434557951580765267e-01
2.434557951462192060e-01
2.434557951443553081e-01
2.434557952802522685e-01
2.434557928523144732e-01
2.434558364518286111e-01
2.434550536471119242e-01
2.434691010260764121e-01
2.432170303580600823e-01
2.477402551983089729e-01
1.665742785124992575e-01
4.977351255402699404e-01
4.886475112427964285e-01
1.635329765850274120e-01
2.432170303631117636e-01
2.387763902419365591e-01
2.390238586110330354e-01
2.390100676671306490e-01
2.390108362415238052e-01
2.390107934119418687e-01
2.390107958096348018e-01
2.390107956905783149e-01
2.390107956802750844e-01
2.390107956734427441e-01
2.390107956673599987e-01
2.390107956939686584e-01
2.390107956814830348e-01
2.390107956716076010e-01
2.390107956742292539e-01
2.390107956501943409e-01
2.390107956499563646e-01
2.390107956707260284e-01
2.390107956633004960e-01
2.390107956848987469e-01
2.390107956635450503e-01
2.390107956747427598e-01
2.390107956638111708e-01
2.390107956191804273e-01
2.390107956383389631e-01
2.390107956558670532e-01
2.390107956635628694e-01
2.390107956920083654e-01
2.390107957017258422e-01
2.390107956957385482e-01
2.390107956750276152e-01
2.390107956589664906e-01
2.390107956597296857e-01
2.390107956426344160e-01
2.390107956664905553e-01
2.390107956588235771e-01
2.390107956721146121e-01
2.390107956706161441e-01
2.390107956946295464e-01
2.390107956768717234e-01
2.390107956898090968e-01
2.390107956750299190e-01
2.390107956637589626e-01
2.390107956519797738e-01
2.390107956471435591e-01
2.390107956536148825e-01
2.390107956542052714e-01
2.390107956568657543e-01
2.390107956962565783e-01
2.390107956980749293e-01
2.390107956864040151e-01
2.390107956725617544e-01
2.390107956155818891e-01
2.390107956405912171e-01
2.390107956339971307e-01
2.390107956658208688e-01
2.390107956653557963e-01
2.390107956685242063e-01
2.390107956745953222e-01
2.390107956807273337e-01
2.390107956810540168e-01
2.390107956961330382e-01
2.390107956845460568e-01
2.390107956762928532e-01
2.390107956767620334e-01
2.390107956702625658e-01
2.390107956616910057e-01
2.390107956669449696e-01
2.390107956396618216e-01
2.390107956280753954e-01
2.390107956301192882e-01
2.390107956629087538e-01
2.390107956873041284e-01
2.390107957036941844e-01
2.390107956902410291e-01
2.390107956585071081e-01
2.390107956560862390e-01
2.390107956533780165e-01
2.390107956413775880e-01
2.390107956626997820e-01
2.390107956538531364e-01
2.390107956786473864e-01
2.390107956932515931e-01
2.390107956708330539e-01
2.390107956979313497e-01
2.390107956725947558e-01
2.390107956663002631e-01
2.390107956656683519e-01
2.390107956602371131e-01
2.390107956482534490e-01
2.390107956542641132e-01
2.390107956635559860e-01
2.390107956728337590e-01
2.390107956934568179e-01
2.390107957090725765e-01
2.390107956805065104e-01
2.390107956758988350e-01
2.390107956465874761e-01
2.390107956412424184e-01
2.390107956228034736e-01
2.390107956564336833e-01
2.390107956811189371e-01
2.390107956616553120e-01
2.390107956814002399e-01
2.390107956702801628e-01
2.390107956633918396e-01
2.390107956546543011e-01
2.390107956497666275e-01
2.390107956707732961e-01
2.390107956766067132e-01
2.390107956786334531e-01
2.390107956922108423e-01
2.390107956735572914e-01
2.390107956665211419e-01
2.390107956834826020e-01
2.390107956944740319e-01
2.390107957986991605e-01
2.390107934276280710e-01
2.390108362248124230e-01
2.390100676813928515e-01
2.390238586017086608e-01
2.387763902454387854e-01
2.432170303637984088e-01
1.635329765829089954e-01
4.886475112427510759e-01
4.891539466761041233e-01
1.637024625424280400e-01
2.434691010373770947e-01
2.390238586172857838e-01
2.392715834839607703e-01
2.392577782501307537e-01
2.392585475915308124e-01
2.392585047268694365e-01
2.392585071385723017e-01
2.392585069860245772e-01
2.392585069866964564e-01
2.392585070093111443e-01
2.392585070046218398e-01
2.392585069984045631e-01
2.392585069916647322e-01
2.392585069871735748e-01
2.392585069787662166e-01
2.392585069836018485e-01
2.392585070141485526e-01
2.392585070046783502e-01
2.392585070005931180e-01
2.392585070243142820e-01
2.392585070180639761e-01
2.392585069915227625e-01
2.392585070026282679e-01
2.392585069889742733e-01
2.392585069705646938e-01
2.392585069888578386e-01
2.392585070050882445e-01
2.392585070145965831e-01
2.392585070196672770e-01
2.392585070206130760e-01
2.392585070277690462e-01
2.392585070127302704e-01
2.392585069797533437e-01
2.392585069704472045e-01
2.392585069655093766e-01
2.392585069835938827e-01
2.392585069840632850e-01
2.392585069906080220e-01
2.392585070010662951e-01
2.392585070161167560e-01
2.392585070277702120e-01
2.392585070026052307e-01
2.392585069992450575e-01
2.392585069654777075e-01
2.392585069816020316e-01
2.392585069733733361e-01
2.392585069870233894e-01
2.392585070035975203e-01
2.392585070035977979e-01
2.392585070184399254e-01
2.392585070094153388e-01
2.392585070176557749e-01
2.392585070036119810e-01
2.392585069921499830e-01
2.392585069763736860e-01
2.392585069737331593e-01
2.392585069809785581e-01
2.392585070038678874e-01
2.392585069959320965e-01
2.392585070229750199e-01
2.392585070052036800e-01
2.392585070039517092e-01
2.392585070168248840e-01
2.392585070053470930e-01
2.392585070116637347e-01
2.392585069957907373e-01
2.392585069813946419e-01
2.392585069761328231e-01
2.392585069776445583e-01
2.392585069841955403e-01
2.392585070160428151e-01
2.392585070061207242e-01
2.392585070163296412e-01
2.392585070151293236e-01
2.392585070074264575e-01
2.392585069965697253e-01
2.392585069946197018e-01
2.392585069714656121e-01
2.392585069731988368e-01
2.392585069824903210e-01
2.392585069806674458e-01
2.392585070157366711e-01
2.392585070220555055e-01
2.392585070178720741e-01
2.392585069988273361e-01
2.392585069948474363e-01
2.392585069800873820e-01
2.392585069843701784e-01
2.392585069688270838e-01
2.392585069647468199e-01
2.392585069851622948e-01
2.392585070091849120e-01
2.392585070292399252e-01
2.392585070196888986e-01
2.392585070219366561e-01
2.392585070091084176e-01
2.392585070133714797e-01
2.392585069801418940e-01
2.392585069758085548e-01
2.392585069890815763e-01
2.392585069985633806e-01
2.392585069949821619e-01
2.392585070190628715e-01
2.392585070182081108e-01
2.392585070086822308e-01
2.392585069985691815e-01
2.392585070164364447e-01
2.392585069838077394e-01
2.392585069795651331e-01
2.392585069826149435e-01
2.392585070004837333e-01
2.392585069883079174e-01
2.392585070120668567e-01
2.392585070079382148e-01
2.392585069821941413e-01
2.392585069941303988e-01
2.392585071304939026e-01
2.392585047331379777e-01
2.392585475873023337e-01
2.392577782527919583e-01
2.392715834830989041e-01
2.390238586154522227e-01
2.434691010409790746e-01
1.637024625388537602e-01
4.891539466760284616e-01
4.891257239596583095e-01
1.636930174029804785e-01
2.434550536146771194e-01
2.390100676730086415e-01
2.392577782433025491e-01
2.392439738322058862e-01
2.392447431370819388e-01
2.392447002540127321e-01
2.392447026277916555e-01
2.392447025009640238e-01
2.392447025196213772e-01
2.392447025046209874e-01
2.392447025073579647e-01
2.392447025055455256e-01
2.392447024972867431e-01
2.392447025246706160e-01
2.392447025233941371e-01
2.392447025243696346e-01
2.392447025114096404e-01
2.392447025125176707e-01
2.392447025186236198e-01
2.392447025313043651e-01
2.392447025309077102e-01
2.392447025398620752e-01
2.392447025395603166e-01
2.392447025194589516e-01
2.392447025302443520e-01
2.392447025237540992e-01
2.392447025012200135e-01
2.392447025021630092e-01
2.392447025218339685e-01
2.392447025164108065e-01
2.392447025109070702e-01
2.392447025058458687e-01
2.392447025211290323e-01
2.392447025140780337e-01
2.392447025023632101e-01
2.392447025135021887e-01
2.392447025017271078e-01
2.392447025176801523e-01
2.392447025338468036e-01
2.392447025161264507e-01
2.392447025241393743e-01
2.392447025105710057e-01
2.392447025150601925e-01
2.392447025138641215e-01
2.392447025278394424e-01
2.392447025336891520e-01
2.392447025276560613e-01
2.392447025327512078e-01
2.392447025053827947e-01
2.392447025254173520e-01
2.392447025183399578e-01
2.392447025414130846e-01
2.392447025358543922e-01
2.392447025259736848e-01
2.392447025390507520e-01
2.392447025165288232e-01
2.392447025095736368e-01
2.392447025080563783e-01
2.392447024910577813e-01
2.392447025179012532e-01
2.392447025067797051e-01
2.392447025171574315e-01
2.392447025206197730e-01
2.392447024960295265e-01
2.392447025125078730e-01
2.392447024942131462e-01
2.392447025135027716e-01
2.392447025201341892e-01
2.392447025335189270e-01
2.392447025284785700e-01
2.392447025389312920e-01
2.392447025330975974e-01
2.392447025305096397e-01
2.392447025103223990e-01
2.392447025225757362e-01
2.392447025155096663e-01
2.392447025403955652e-01
2.392447025301879804e-01
2.392447025202242561e-01
2.392447025291796758e-01
2.392447024984961645e-01
2.392447025232098679e-01
2.392447025161053287e-01
2.392447025223037316e-01
2.392447025274314354e-01
2.392447025234670233e-01
2.392447024994877325e-01
2.392447025107679315e-01
2.392447025084802892e-01
2.392447025079730283e-01
2.392447025245584835e-01
2.392447025058201671e-01
2.392447025079499634e-01
2.392447025212252887e-01
2.392447025167479258e-01
2.392447025048089759e-01
2.392447025030511876e-01
2.392447025173989328e-01
2.392447025381475301e-01
2.392447025133073446e-01
2.392447025426396867e-01
2.392447025379060566e-01
2.392447025341902511e-01
2.392447025261964511e-01
2.392447025232567748e-01
2.392447025108023484e-01
2.392447025105256253e-01
2.392447025244711367e-01
2.392447025281146111e-01
2.392447025144087691e-01
2.392447025097822200e-01
2.392447024969734104e-01
2.392447025078057732e-01
2.392447025124959381e-01
2.392447025084163403e-01
2.392447025097909630e-01
2.392447026248696595e-01
2.392447002524327460e-01
2.392447431396671487e-01
2.392439738311928354e-01
2.392577782434602840e-01
2.390100676712751393e-01
2.434550536184615366e-01
1.636930173989909476e-01
4.891257239596261686e-01
4.891272967218018852e-01
1.636935437480491196e-01
2.434558364760760762e-01
2.390108362595664837e-01
2.392585476401888900e-01
2.392447431591203655e-01
2.392455124601238214e-01
2.392454695599871561e-01
2.392454719609669600e-01
2.392454717933459873e-01
2.392454718095866906e-01
2.392454718178883277e-01
2.392454718248799572e-01
2.392454718257106538e-01
2.392454718326379737e-01
2.392454718372782063e-01
2.392454718169607086e-01
2.392454718098205313e-01
2.392454718137876912e-01
2.392454718024920046e-01
2.392454717986750301e-01
2.392454717996090330e-01
2.392454717809457121e-01
2.392454718069107200e-01
2.392454718100018030e-01
2.392454718340055742e-01
2.392454718144739756e-01
2.392454718178739503e-01
2.392454718056106211e-01
2.392454718057302476e-01
2.392454717916181750e-01
2.392454717841451250e-01
2.392454718096793109e-01
2.392454718211088904e-01
2.392454718295923821e-01
2.392454718391436308e-01
2.392454718442030837e-01
2.392454718446411777e-01
2.392454718327226559e-01
2.392454718181398488e-01
2.392454718031989391e-01
2.392454717948405141e-01
2.392454718109286171e-01
2.392454718175598405e-01
2.392454718300349448e-01
2.392454718342755249e-01
2.392454718279560244e-01
2.392454718166676375e-01
2.392454718027775817e-01
2.392454718040675776e-01
2.392454717909239803e-01
2.392454718111143852e-01
2.392454717890880045e-01
2.392454717955231069e-01
2.392454718168831596e-01
2.392454718217589815e-01
2.392454718340553954e-01
2.392454718141195924e-01
2.392454718253631540e-01
2.392454718398486502e-01
2.392454718254211354e-01
2.392454718290150939e-01
2.392454717962407273e-01
2.392454717885001969e-01
2.392454718031525596e-01
2.392454718175570094e-01
2.392454718379982415e-01
2.392454718296169458e-01
2.392454718311859962e-01
2.392454718138182501e-01
2.392454718297372662e-01
2.392454718283162363e-01
2.392454718120116675e-01
2.392454717951459364e-01
2.392454717965379896e-01
2.392454717974821232e-01
2.392454718074248921e-01
2.392454717890217242e-01
2.392454718122360713e-01
2.392454718145455572e-01
2.392454718237640166e-01
2.392454718411553549e-01
2.392454718237693179e-01
2.392454718222278565e-01
2.392454718061363117e-01
2.392454718014633275e-01
2.392454717956565002e-01
2.392454718234466593e-01
2.392454718318037243e-01
2.392454718430088723e-01
2.392454718437029282e-01
2.392454718452061146e-01
2.392454718191904528e-01
2.392454718312562734e-01
2.392454718036195194e-01
2.392454717857186719e-01
2.392454717926329744e-01
2.392454718031470917e-01
2.392454718107069889e-01
2.392454718091008847e-01
2.392454718258902324e-01
2.392454718228612109e-01
2.392454718184054696e-01
2.392454718013853898e-01
2.392454717848049028e-01
2.392454717970069755e-01
2.392454717988366786e-01
2.392454718057376584e-01
2.392454718085823828e-01
2.392454718132705493e-01
2.392454718186589890e-01
2.392454718307638062e-01
2.392454718399961711e-01
2.392454718231283584e-01
2.392454718202653152e-01
2.392454718279337644e-01
2.392454717996084224e-01
2.392454717989903057e-01
2.392454719602835345e-01
2.392454695596014647e-01
2.392455124574418834e-01
2.392447431658608070e-01
2.392585476327294125e-01
2.390108362633759920e-01
2.434558364770124106e-01
1.636935437451245423e-01
4.891272967219653101e-01
4.891272090758865820e-01
1.636935144341386539e-01
2.434557928396884341e-01
2.390107934172082949e-01
2.392585047755401984e-01
2.392447002804411194e-01
2.392454695678608023e-01
2.392454266675008989e-01
2.392454290471331402e-01
2.392454289165776848e-01
2.392454289257778255e-01
2.392454289368349807e-01
2.392454289342588747e-01
2.392454289568286818e-01
2.392454289719176119e-01
2.392454289790021948e-01
2.392454289587658545e-01
2.392454289536413425e-01
2.392454289290048830e-01
2.392454289141101309e-01
2.392454289232067988e-01
2.392454289318793059e-01
2.392454289247196164e-01
2.392454289621898100e-01
2.392454289530052958e-01
2.392454289749978980e-01
2.392454289540423551e-01
2.392454289691999247e-01
2.392454289417856317e-01
2.392454289470606343e-01
2.392454289209459406e-01
2.392454289415779367e-01
2.392454289339423223e-01
2.392454289421776792e-01
2.392454289643494159e-01
2.392454289705429893e-01
2.392454289771208664e-01
2.392454289631595343e-01
2.392454289499817977e-01
2.392454289348609486e-01
2.392454289335699258e-01
2.392454289231162323e-01
2.392454289215887042e-01
2.392454289153912728e-01
2.392454289244559384e-01
2.392454289448325833e-01
2.392454289672663048e-01
2.392454289719205818e-01
2.392454289626433639e-01
2.392454289520443977e-01
2.392454289311846949e-01
2.392454289248681365e-01
2.392454289099475717e-01
2.392454289103347342e-01
2.392454289178602422e-01
2.392454289395339884e-01
2.392454289772974196e-01
2.392454289839343606e-01
2.392454289625226549e-01
2.392454289546894486e-01
2.392454289516400823e-01
2.392454289377697885e-01
2.392454289358739161e-01
2.392454289185911576e-01
2.392454289368753373e-01
2.392454289359065567e-01
2.392454289548267554e-01
2.392454289497986386e-01
2.392454289689020241e-01
2.392454289783253751e-01
2.392454289795001299e-01
2.392454289420176961e-01
2.392454289130239720e-01
2.392454289132039669e-01
2.392454289125331146e-01
2.392454289167279535e-01
2.392454289415580082e-01
2.392454289436532211e-01
2.392454289662355738e-01
2.392454289726064220e-01
2.392454289648985877e-01
2.392454289456349414e-01
2.392454289260214362e-01
2.392454289134537671e-01
2.392454289203963802e-01
2.392454289286786717e-01
2.392454289261467526e-01
2.392454289397683009e-01
2.392454289491996733e-01
2.392454289635405351e-01
2.392454289711860582e-01
2.392454289843423676e-01
2.392454289476023122e-01
2.392454289532017775e-01
2.392454289343917684e-01
2.392454289313330484e-01
2.392454289344851937e-01
2.392454289358613706e-01
2.392454289499910125e-01
2.392454289615198182e-01
2.392454289633515474e-01
2.392454289646042120e-01
2.392454289628451469e-01
2.392454289539256984e-01
2.392454289315329996e-01
2.392454289267552936e-01
2.392454289256107369e-01
2.392454289151406122e-01
2.392454289257838762e-01
2.392454289561936898e-01
2.392454289592344518e-01
2.392454289758721431e-01
2.392454289749570417e-01
2.392454289569478365e-01
2.392454289304228876e-01
2.392454289423344427e-01
2.392454289218682029e-01
2.392454289177102233e-01
2.392454290469427924e-01
2.392454266708793631e-01
2.392454695587039881e-01
2.392447002943076384e-01
2.392585047618532579e-01
2.390107934258503264e-01
2.434557928373297375e-01
1.636935144331575220e-01
4.891272090761434321e-01
4.891272139764218374e-01
1.636935160712748583e-01
2.434557952923697421e-01
2.390107958079989159e-01
2.392585071300565580e-01
2.392447026478249361e-01
2.392454719389660311e-01
2.392454290450964083e-01
2.392454314169709106e-01
2.392454312878060374e-01
2.392454312946216688e-01
2.392454313256520970e-01
2.392454313493889151e-01
2.392454313495074869e-01
2.392454313482884620e-01
2.392454313369804242e-01
2.392454313255856224e-01
2.392454313277284916e-01
2.392454313249188502e-01
2.392454313486814255e-01
2.392454313406080502e-01
2.392454313409847766e-01
2.392454313280077960e-01
2.392454313558902423e-01
2.392454313399390020e-01
2.392454313437761826e-01
2.392454313567362323e-01
2.392454313398108823e-01
2.392454313417726741e-01
2.392454313502988816e-01
2.392454313201434479e-01
2.392454313076189942e-01
2.392454313102316266e-01
2.392454313288428780e-01
2.392454313409042299e-01
2.392454313091145757e-01
2.392454313234976260e-01
2.392454313291282331e-01
2.392454313409025368e-01
2.392454313311297431e-01
2.392454313166156310e-01
2.392454313018657630e-01
2.392454313249406384e-01
2.392454313302146141e-01
2.392454313369849206e-01
2.392454313499202678e-01
2.392454313428646617e-01
2.392454313619718498e-01
2.392454313622144335e-01
2.392454313522879294e-01
2.392454313351598250e-01
2.392454313505802121e-01
2.392454313226285434e-01
2.392454313427504475e-01
2.392454313276177469e-01
2.392454313319799242e-01
2.392454313179522840e-01
2.392454313411455924e-01
2.392454313486588324e-01
2.392454313422949230e-01
2.392454313217576845e-01
2.392454313127351795e-01
2.392454313224102458e-01
2.392454312995048737e-01
2.392454313239788244e-01
2.392454313109276254e-01
2.392454313231712204e-01
2.392454313403976907e-01
2.392454313528557530e-01
2.392454313347547878e-01
2.392454313245517550e-01
2.392454313275784172e-01
2.392454313300577118e-01
2.392454313396878973e-01
2.392454313292721180e-01
2.392454313398862942e-01
2.392454313473564576e-01
2.392454313422445467e-01
2.392454313673116062e-01
2.392454313615780537e-01
2.392454313409394240e-01
2.392454313507589303e-01
2.392454313386513098e-01
2.392454313273402189e-01
2.392454313257568466e-01
2.392454313047864822e-01
2.392454313116741393e-01
2.392454313342629313e-01
2.392454313412167577e-01
2.392454313284177736e-01
2.392454313194986582e-01
2.392454313194412319e-01
2.392454313293259638e-01
2.392454313335280747e-01
2.392454313170248315e-01
2.392454312926924898e-01
2.392454313353741813e-01
2.392454313410858069e-01
2.392454313450109171e-01
2.392454313386206122e-01
2.392454313598955107e-01
2.392454313379751285e-01
2.392454313473990624e-01
2.392454313477261063e-01
2.392454313371155661e-01
2.392454313310158620e-01
2.392454313506322539e-01
2.392454313396903398e-01
2.392454313326432269e-01
2.392454313206913152e-01
2.392454313318988501e-01
2.392454313324345050e-01
2.392454313493929674e-01
2.392454313522314191e-01
2.392454313441350899e-01
2.392454313309783087e-01
2.392454312909620684e-01
2.392454312898161239e-01
2.392454314147306471e-01
2.392454290500174996e-01
2.392454719301456423e-01
2.392447026594744786e-01
2.392585071187724455e-01
2.390107958159631563e-01
2.434557952888128096e-01
1.636935160720665305e-01
4.891272139766844607e-01
4.891272137218022342e-01
1.636935159690625918e-01
2.434557951155594535e-01
2.390107956443757453e-01
2.392585069807404430e-01
2.392447024916608822e-01
2.392454717933090447e-01
2.392454289455423766e-01
2.392454313439872915e-01
2.392454312125299465e-01
2.392454312274762129e-01
2.392454312218142143e-01
2.392454312053804433e-01
2.392454312071665146e-01
2.392454312059903998e-01
2.392454311880082840e-01
2.392454311742435169e-01
2.392454312058155397e-01
2.392454312053149956e-01
2.392454312273296080e-01
2.392454311938214673e-01
2.392454311954193835e-01
2.392454311917222298e-01
2.392454311891054897e-01
2.392454312023584717e-01
2.392454311916489273e-01
2.392454311726308347e-01
2.392454311882222517e-01
2.392454311865546412e-01
2.392454311889390950e-01
2.392454312025459884e-01
2.392454312066593647e-01
2.392454312141245598e-01
2.392454311995808602e-01
2.392454311831687386e-01
2.392454312026968399e-01
2.392454311947512513e-01
2.392454311880398976e-01
2.392454312023559460e-01
2.392454312119539350e-01
2.392454312064023481e-01
2.392454312240589742e-01
2.392454312143826312e-01
2.392454312076047196e-01
2.392454311998655769e-01
2.392454311819958435e-01
2.392454311961387248e-01
2.392454311957599444e-01
2.392454311995897420e-01
2.392454312191625576e-01
2.392454311903303155e-01
2.392454312066601141e-01
2.392454312074221157e-01
2.392454311993301719e-01
2.392454311821977375e-01
2.392454311926167088e-01
2.392454311776293086e-01
2.392454312028841346e-01
2.392454311892416585e-01
2.392454312134929262e-01
2.392454312165160080e-01
2.392454312095544100e-01
2.392454312066022992e-01
2.392454312128927674e-01
2.392454312101813807e-01
2.392454312054860810e-01
2.392454312182936693e-01
2.392454312135925687e-01
2.392454311905981013e-01
2.392454311976101589e-01
2.392454311867378558e-01
2.392454311823525304e-01
2.392454311916428211e-01
2.392454311906931086e-01
2.392454312168957875e-01
2.392454311950194812e-01
2.392454312039289377e-01
2.392454312053305110e-01
2.392454312110231518e-01
2.392454311886111906e-01
2.392454311987035065e-01
2.392454311819712798e-01
2.392454311998282457e-01
2.392454312064653532e-01
2.392454312154893847e-01
2.392454312244252368e-01
2.392454312048206966e-01
2.392454312124078775e-01
2.392454312044260956e-01
2.392454311851920923e-01
2.392454311946124734e-01
2.392454312074792089e-01
2.392454311769891540e-01
2.392454312015757090e-01
2.392454312193349752e-01
2.392454311970063641e-01
2.392454312112209103e-01
2.392454311847795334e-01
2.392454311876530682e-01
2.392454311869427197e-01
2.392454311761041119e-01
2.392454311873867256e-01
2.392454312058633070e-01
2.392454311862354521e-01
2.392454311964951341e-01
2.392454311866040184e-01
2.392454312070276534e-01
2.392454312112866632e-01
2.392454312217635048e-01
2.392454311912696197e-01
2.392454311844386394e-01
2.392454311836398617e-01
2.392454312041679687e-01
2.392454312132192285e-01
2.392454311975724668e-01
2.392454312290734908e-01
2.392454312212050349e-01
2.392454312179349840e-01
2.392454313390084131e-01
2.392454289501700360e-01
2.392454717888592153e-01
2.392447024963409996e-01
2.392585069757068861e-01
2.390107956495385599e-01
2.434557951113017482e-01
1.636935159718397037e-01
4.891272137219613292e-01
4.891272137521491259e-01
1.636935159763612535e-01
2.434557951540077259e-01
2.390107956766420738e-01
2.392585069933651776e-01
2.392447025277586459e-01
2.392454717903920725e-01
2.392454289420807290e-01
2.392454313535846699e-01
2.392454312380551951e-01
2.392454312423331342e-01
2.392454312235746394e-01
2.392454312046530807e-01
2.392454311999658023e-01
2.392454311749389606e-01
2.392454311792855115e-01
2.392454311797850564e-01
2.392454312013079232e-01
2.392454311882768192e-01
2.392454312330842825e-01
2.392454312219386703e-01
2.392454312358073265e-01
2.392454312122582749e-01
2.392454311955786173e-01
2.392454311851087423e-01
2.392454311652603971e-01
2.392454311804239342e-01
2.392454312121002347e-01
2.392454312180347931e-01
2.392454312484249557e-01
2.392454312376215420e-01
2.392454312185101073e-01
2.392454312317592036e-01
2.392454312250846538e-01
2.392454312070307620e-01
2.392454311881105355e-01
2.392454311910911791e-01
2.392454312030308228e-01
2.392454312273215866e-01
2.392454312189145615e-01
2.392454312389771798e-01
2.392454312234172376e-01
2.392454312189022381e-01
2.392454312021753959e-01
2.392454311939214151e-01
2.392454311848731252e-01
2.392454311829069480e-01
2.392454311842532044e-01
2.392454311723427041e-01
2.392454311862407812e-01
2.392454311904629594e-01
2.392454312220121670e-01
2.392454312232754343e-01
2.392454312243011139e-01
2.392454312258431026e-01
2.392454312227996482e-01
2.392454311909056885e-01
2.392454312114108694e-01
2.392454311912744769e-01
2.392454311915669929e-01
2.392454311979642645e-01
2.392454312233899816e-01
2.392454312306690756e-01
2.392454312256553084e-01
2.392454312348866463e-01
2.392454312181297726e-01
2.392454312014399842e-01
2.392454311897067865e-01
2.392454311947029011e-01
2.392454312037023967e-01
2.392454312027485486e-01
2.392454312098838132e-01
2.392454312364239166e-01
2.392454312178215470e-01
2.392454312263228577e-01
2.392454312199050748e-01
2.392454311945316214e-01
2.392454311782945542e-01
2.392454311835761349e-01
2.392454311724800387e-01
2.392454311919481047e-01
2.392454311797677646e-01
2.392454311961365321e-01
2.392454312010232065e-01
2.392454312193358079e-01
2.392454312246217185e-01
2.392454312358132662e-01
2.392454312226520718e-01
2.392454312246715398e-01
2.392454312047018194e-01
2.392454311886783869e-01
2.392454311919877119e-01
2.392454312036391417e-01
2.392454312250174020e-01
2.392454312363233859e-01
2.392454312119167981e-01
2.392454312432540919e-01
2.392454312442550135e-01
2.392454312234127134e-01
2.392454312036603747e-01
2.392454311906939690e-01
2.392454311575937520e-01
2.392454311874176454e-01
2.392454311974810399e-01
2.392454312107341607e-01
2.392454312328925192e-01
2.392454312304432007e-01
2.392454312207953071e-01
2.392454312010425244e-01
2.392454311909539832e-01
2.392454311855700955e-01
2.392454311781269383e-01
2.392454311728475780e-01
2.392454312022569696e-01
2.392454312037421982e-01
2.392454312231360181e-01
2.392454312419955154e-01
2.392454312401408323e-01
2.392454313503688257e-01
2.392454289443367577e-01
2.392454717898275518e-01
2.392447025279544892e-01
2.392585069911431495e-01
2.390107956821606039e-01
2.434557951469544512e-01
1.636935159820382957e-01
4.891272137521593955e-01
4.891272137158051980e-01
1.636935159785661842e-01
2.434557951313424395e-01
2.390107956566139280e-01
2.392585069814405774e-01
2.392447025033384578e-01
2.392454718081513665e-01
2.392454289508524901e-01
2.392454313372552321e-01
2.392454312368427760e-01
2.392454312058306942e-01
2.392454312229206626e-01
2.392454311834059100e-01
2.392454311881854756e-01
2.392454311852220405e-01
2.392454312075299738e-01
2.392454311812375334e-01
2.392454312077450240e-01
2.392454312072897493e-01
2.392454312273283312e-01
2.392454312361537994e-01
2.392454312397157001e-01
2.392454312188264098e-01
2.392454312005349026e-01
2.392454311927831589e-01
2.392454311931378474e-01
2.392454312103476088e-01
2.392454312065793454e-01
2.392454312089707380e-01
2.392454312024842045e-01
2.392454312257292215e-01
2.392454312302685904e-01
2.392454312179045917e-01
2.392454312102807179e-01
2.392454311923065402e-01
2.392454311861296756e-01
2.392454312010239281e-01
2.392454311720381144e-01
2.392454312037546327e-01
2.392454311883099594e-01
2.392454312109630610e-01
2.392454312110717241e-01
2.392454312360713098e-01
2.392454312303393393e-01
2.392454312175805176e-01
2.392454312155015694e-01
2.392454311914530563e-01
2.392454311802799105e-01
2.392454311941920597e-01
2.392454312033543695e-01
2.392454312154025098e-01
2.392454312255584137e-01
2.392454312288678497e-01
2.392454312315608067e-01
2.392454312247374870e-01
2.392454312201177935e-01
2.392454311974979431e-01
2.392454311801781308e-01
2.392454311697265745e-01
2.392454311980072579e-01
2.392454312041452369e-01
2.392454312117808790e-01
2.392454312051593979e-01
2.392454312089751789e-01
2.392454312090988577e-01
2.392454312057752108e-01
2.392454312105210812e-01
2.392454311911937359e-01
2.392454311784776300e-01
2.392454311686436630e-01
2.392454312108761583e-01
2.392454312073772904e-01
2.392454312341696920e-01
2.392454312273127048e-01
2.392454312274524264e-01
2.392454312312289055e-01
2.392454312088755086e-01
2.392454312065865618e-01
2.392454311964918590e-01
2.392454311735698613e-01
2.392454311991950855e-01
2.392454312096558011e-01
2.392454312210123557e-01
2.392454312286661222e-01
2.392454312359399704e-01
2.392454312144361994e-01
2.392454312033304165e-01
2.392454311994017535e-01
2.392454311914530563e-01
2.392454311834225633e-01
2.392454311919338383e-01
2.392454311914401777e-01
2.392454311924605559e-01
2.392454312040634967e-01
2.392454312278056994e-01
2.392454312211925727e-01
2.392454312309762465e-01
2.392454311997877225e-01
2.392454312134458250e-01
2.392454311976713599e-01
2.392454312219906287e-01
2.392454311836156033e-01
2.392454311969756109e-01
2.392454312007214201e-01
2.392454312180298526e-01
2.392454312383416881e-01
2.392454312397538641e-01
2.392454312232379365e-01
2.392454312102877678e-01
2.392454312060351973e-01
2.392454311821836377e-01
2.392454312056913612e-01
2.392454311894591235e-01
2.392454311799566968e-01
2.392454311947568857e-01
2.392454312110568193e-01
2.392454312142050787e-01
2.392454312333873456e-01
2.392454313370387109e-01
2.392454289515404953e-01
2.392454718084699727e-01
2.392447025031073649e-01
2.392585069790162944e-01
2.390107956628712838e-01
2.434557951232591555e-01
1.636935159849978449e-01
4.891272137157172128e-01
4.891272137301060363e-01
1.636935159797592299e-01
2.434557951513426355e-01
2.390107956696630453e-01
2.392585069841939027e-01
2.392447025110005232e-01
2.392454718029113914e-01
2.392454289362024589e-01
2.392454313122742426e-01
2.392454311681237178e-01
2.392454311812869105e-01
2.392454312295918539e-01
2.392454312303335939e-01
2.392454312325875132e-01
2.392454311907951103e-01
2.392454312045112219e-01
2.392454311959131552e-01
2.392454312368030300e-01
2.392454312259656435e-01
2.392454312108617531e-01
2.392454311955817259e-01
2.392454312208246725e-01
2.392454312128283189e-01
2.392454312388713478e-01
2.392454312095596003e-01
2.392454312015671325e-01
2.392454311976615622e-01
2.392454311990055704e-01
2.392454311940671319e-01
2.392454312032671893e-01
2.392454311899336605e-01
2.392454312110497139e-01
2.392454311952350310e-01
2.392454312004312078e-01
2.392454311896081987e-01
2.392454311926983379e-01
2.392454312025197316e-01
2.392454311861380023e-01
2.392454311941532852e-01
2.392454311974633874e-01
2.392454312251377779e-01
2.392454312295529129e-01
2.392454312206379607e-01
2.392454312104489722e-01
2.392454312070610434e-01
2.392454312207460965e-01
2.392454312278050610e-01
2.392454312139291606e-01
2.392454312142617001e-01
2.392454312015296070e-01
2.392454312097088975e-01
2.392454312310352271e-01
2.392454312080261603e-01
2.392454312138636574e-01
2.392454312117619775e-01
2.392454312065703248e-01
2.392454312087445301e-01
2.392454311985626192e-01
2.392454311929343713e-01
2.392454311915736542e-01
2.392454312056566668e-01
2.392454312062613220e-01
2.392454312232172586e-01
2.392454311925307497e-01
2.392454312236454994e-01
2.392454312054195231e-01
2.392454312074232536e-01
2.392454311876890671e-01
2.392454311998404581e-01
2.392454311887414475e-01
2.392454312201260647e-01
2.392454311949938073e-01
2.392454312222451474e-01
2.392454312059283106e-01
2.392454312115013804e-01
2.392454312328900212e-01
2.392454312039031528e-01
2.392454312078325651e-01
2.392454312106506442e-01
2.392454312145370909e-01
2.392454312282412121e-01
2.392454312213965206e-01
2.392454312052032239e-01
2.392454312127034188e-01
2.392454312182774046e-01
2.392454312334137412e-01
2.392454312184522647e-01
2.392454312070022848e-01
2.392454311832271363e-01
2.392454311966664970e-01
2.392454311941477896e-01
2.392454311966244751e-01
2.392454311922931898e-01
2.392454311907888931e-01
2.392454312083383550e-01
2.392454311999792360e-01
2.392454311950474033e-01
2.392454312029808350e-01
2.392454311937605160e-01
2.392454311964019864e-01
2.392454312028740038e-01
2.392454311962281532e-01
2.392454312138221906e-01
2.392454312344156619e-01
2.392454312190365195e-01
2.392454312136104710e-01
2.392454312010002249e-01
2.392454312091720214e-01
2.392454312249787662e-01
2.392454312369886871e-01
2.392454311994799132e-01
2.392454311960226787e-01
2.392454312032325781e-01
2.392454312178426967e-01
2.392454312447246378e-01
2.392454312181602205e-01
2.392454311873441486e-01
2.392454311674357681e-01
2.392454313094327656e-01
2.392454289395270217e-01
2.392454718005541103e-01
2.392447025125461479e-01
2.392585069823492949e-01
2.390107956722364591e-01
2.434557951486540361e-01
1.636935159816540752e-01
4.891272137301195255e-01
4.891272137292031474e-01
1.636935159805472662e-01
2.434557951454091873e-01
2.390107956870777539e-01
2.392585070074097764e-01
2.392447025384110137e-01
2.392454718414971926e-01
2.392454289406006074e-01
2.392454313313482350e-01
2.392454311988632121e-01
2.392454312042460451e-01
2.392454312039816733e-01
2.392454312107223646e-01
2.392454312229735924e-01
2.392454312062042288e-01
2.392454312331925848e-01
2.392454311996768668e-01
2.392454312074354106e-01
2.392454311869906813e-01
2.392454311878976225e-01
2.392454311962797231e-01
2.392454312001223438e-01
2.392454311823215274e-01
2.392454311935416356e-01
2.392454312001605632e-01
2.392454312138310446e-01
2.392454312224541746e-01
2.392454312113589665e-01
2.392454311971337899e-01
2.392454312035943165e-01
2.392454312045325382e-01
2.392454312220730350e-01
2.392454312150378293e-01
2.392454312355141444e-01
2.392454312311823039e-01
2.392454312335251243e-01
2.392454312317931764e-01
2.392454312232428215e-01
2.392454312010752204e-01
2.392454312131654381e-01
2.392454311910277021e-01
2.392454311922861399e-01
2.392454311933184530e-01
2.392454311861367533e-01
2.392454312017622264e-01
2.392454312087003432e-01
2.392454312035147690e-01
2.392454312078367840e-01
2.392454311945182710e-01
2.392454312004096695e-01
2.392454311882138140e-01
2.392454312016393525e-01
2.392454311986941251e-01
2.392454312053405863e-01
2.392454312012008422e-01
2.392454311939295752e-01
2.392454311938868594e-01
2.392454312071800038e-01
2.392454312242409398e-01
2.392454312023225005e-01
2.392454312283245621e-01
2.392454311977436909e-01
2.392454312244669257e-01
2.392454312285311469e-01
2.392454312193731669e-01
2.392454312064235811e-01
2.392454312189199461e-01
2.392454312090966373e-01
2.392454312220862189e-01
2.392454312044655362e-01
2.392454312001131012e-01
2.392454311854715632e-01
2.392454312109046077e-01
2.392454311954153590e-01
2.392454312068870437e-01
2.392454311967139036e-01
2.392454311900600317e-01
2.392454311995032556e-01
2.392454311965694080e-01
2.392454312049539511e-01
2.392454312050873999e-01
2.392454312106216952e-01
2.392454311965729885e-01
2.392454311930367894e-01
2.392454311867924510e-01
2.392454311974548664e-01
2.392454311884114060e-01
2.392454312124540072e-01
2.392454312049576148e-01
2.392454312182516751e-01
2.392454312354106161e-01
2.392454312316399379e-01
2.392454312335541844e-01
2.392454312294827190e-01
2.392454312248822879e-01
2.392454312111555181e-01
2.392454312128858007e-01
2.392454311986160487e-01
2.392454311999311911e-01
2.392454312091606972e-01
2.392454312239392089e-01
2.392454312127740845e-01
2.392454312026762731e-01
2.392454311867646677e-01
2.392454311937559919e-01
2.392454311876166806e-01
2.392454312046946030e-01
2.392454311856502536e-01
2.392454311863044525e-01
2.392454312052174348e-01
2.392454312086303436e-01
2.392454312183669995e-01
2.392454312225865409e-01
2.392454312095255164e-01
2.392454312186697019e-01
2.392454312017330553e-01
2.392454312019419993e-01
2.392454312037432529e-01
2.392454313254440690e-01
2.392454289464854833e-01
2.392454718359879051e-01
2.392447025427158203e-01
2.392585070056020002e-01
2.390107956852628168e-01
2.434557951498173556e-01
1.636935159762723246e-01
4.891272137293858902e-01
4.891272137265786912e-01
1.636935159806028328e-01
2.434557951225888306e-01
2.390107956521267951e-01
2.392585069988170665e-01
2.392447025179019471e-01
2.392454718117455470e-01
2.392454289607541251e-01
2.392454313663154031e-01
2.392454312113443948e-01
2.392454312096062019e-01
2.392454311970776959e-01
2.392454311917771304e-01
2.392454312033353847e-01
2.392454312028799712e-01
2.392454312324232002e-01
2.392454312070332323e-01
2.392454312145551598e-01
2.392454312003240990e-01
2.392454311900809871e-01
2.392454311900083508e-01
2.392454311963860270e-01
2.392454311915994114e-01
2.392454311939078981e-01
2.392454312083761303e-01
2.392454312344684531e-01
2.392454312296905805e-01
2.392454312263836425e-01
2.392454311983913673e-01
2.392454311997294358e-01
2.392454312004296257e-01
2.392454312095572966e-01
2.392454311956459523e-01
2.392454311897246055e-01
2.392454312003066130e-01
2.392454312364842295e-01
2.392454312065288580e-01
2.392454312289866714e-01
2.392454311993473248e-01
2.392454312147023199e-01
2.392454311919039456e-01
2.392454311914091469e-01
2.392454311771702036e-01
2.392454311991561444e-01
2.392454312124736859e-01
2.392454312197593302e-01
2.392454312085279533e-01
2.392454312008544803e-01
2.392454312181271636e-01
2.392454312303558817e-01
2.392454312109259518e-01
2.392454312010473538e-01
2.392454311803540457e-01
2.392454311885736651e-01
2.392454312087824442e-01
2.392454312123395432e-01
2.392454312062380628e-01
2.392454312261535487e-01
2.392454312291126539e-01
2.392454312220566315e-01
2.392454312293917917e-01
2.392454311934051336e-01
2.392454312184650600e-01
2.392454312137752837e-01
2.392454312136202133e-01
2.392454312019743623e-01
2.392454312193653954e-01
2.392454312305278830e-01
2.392454312241979464e-01
2.392454312270360095e-01
2.392454312081770118e-01
2.392454312085598167e-01
2.392454312139561112e-01
2.392454311819570689e-01
2.392454311877267870e-01
2.392454311938232991e-01
2.392454312178579900e-01
2.392454312226245106e-01
2.392454312278077533e-01
2.392454311897630470e-01
2.392454312191825416e-01
2.392454312121201077e-01
2.392454312159058849e-01
2.392454312004585470e-01
2.392454311720718652e-01
2.392454311981215831e-01
2.392454311879441964e-01
2.392454312116627513e-01
2.392454312105740943e-01
2.392454312134743855e-01
2.392454312197901389e-01
2.392454312296437569e-01
2.392454312018748863e-01
2.392454311883727702e-01
2.392454312005070916e-01
2.392454312006998263e-01
2.392454312105822545e-01
2.392454311900306663e-01
2.392454312069560440e-01
2.392454312187591026e-01
2.392454312357186474e-01
2.392454312298079033e-01
2.392454312131976624e-01
2.392454311867243943e-01
2.392454312007749329e-01
2.392454311888862206e-01
2.392454311918433274e-01
2.392454311940529765e-01
2.392454311956773716e-01
2.392454312133605876e-01
2.392454312172372366e-01
2.392454312161433616e-01
2.392454312191417964e-01
2.392454311925877597e-01
2.392454311955217183e-01
2.392454311984247017e-01
2.392454312066729927e-01
2.392454312135001704e-01
2.392454313649867437e-01
2.392454289630869257e-01
2.392454718069621789e-01
2.392447025238659541e-01
2.392585069953684362e-01
2.390107956497403152e-01
2.434557951297918743e-01
1.636935159733026446e-01
4.891272137267744791e-01
4.891272137447800761e-01
1.636935159530422401e-01
2.434557951231334505e-01
2.390107956645998177e-01
2.392585069927718466e-01
2.392447025155456375e-01
2.392454718202835229e-01
2.392454289394812805e-01
2.392454313222041884e-01
2.392454311893725538e-01
2.392454311935522104e-01
2.392454311724182270e-01
2.392454311900489017e-01
2.392454312012457784e-01
2.392454311938667644e-01
2.392454312121621574e-01
2.392454312296057872e-01
2.392454312479448397e-01
2.392454312446118947e-01
2.392454312131184757e-01
2.392454311971673464e-01
2.392454311902102726e-01
2.392454312225431035e-01
2.392454312328132771e-01
2.392454312219178536e-01
2.392454312137818895e-01
2.392454312009365813e-01
2.392454312374159842e-01
2.392454312117608672e-01
2.392454312211686751e-01
2.392454311693530122e-01
2.392454311695509372e-01
2.392454311607477846e-01
2.392454312051574272e-01
2.392454311944537393e-01
2.392454312204994327e-01
2.392454312062222976e-01
2.392454312232021874e-01
2.392454312018070517e-01
2.392454312140551709e-01
2.392454312046062570e-01
2.392454312123022953e-01
2.392454312086243484e-01
2.392454312263927740e-01
2.392454312237634606e-01
2.392454312239231939e-01
2.392454312071537192e-01
2.392454312314087062e-01
2.392454312118938720e-01
2.392454312252508541e-01
2.392454311939405109e-01
2.392454311869886552e-01
2.392454311995320104e-01
2.392454312086427504e-01
2.392454312259925386e-01
2.392454312246674597e-01
2.392454312038116704e-01
2.392454312293920971e-01
2.392454312176612030e-01
2.392454311797460320e-01
2.392454311925941712e-01
2.392454311575001880e-01
2.392454311665381805e-01
2.392454311808079326e-01
2.392454311679517720e-01
2.392454311555195223e-01
2.392454311942656953e-01
2.392454311780157217e-01
2.392454312201798272e-01
2.392454312259191529e-01
2.392454312073193090e-01
2.392454312214873924e-01
2.392454312293315066e-01
2.392454312037912423e-01
2.392454312063177491e-01
2.392454311791707144e-01
2.392454312014939133e-01
2.392454312185728349e-01
2.392454312185198773e-01
2.392454312234670588e-01
2.392454312178707299e-01
2.392454312102545166e-01
2.392454312388510307e-01
2.392454312139610517e-01
2.392454312142333339e-01
2.392454312151371110e-01
2.392454311972629089e-01
2.392454312188521948e-01
2.392454312047578580e-01
2.392454312135872119e-01
2.392454312166890917e-01
2.392454312142152373e-01
2.392454311961182134e-01
2.392454312043660047e-01
2.392454311634688857e-01
2.392454311648953280e-01
2.392454311737858830e-01
2.392454312170649577e-01
2.392454312174884801e-01
2.392454312276972028e-01
2.392454312138774242e-01
2.392454312004688444e-01
2.392454312322730980e-01
2.392454312271748984e-01
2.392454312227637880e-01
2.392454311957528112e-01
2.392454311867229233e-01
2.392454312252497994e-01
2.392454312363338498e-01
2.392454312480067624e-01
2.392454312387204962e-01
2.392454311977441905e-01
2.392454312083819035e-01
2.392454311907969144e-01
2.392454311960213187e-01
2.392454311691190605e-01
2.392454311972291581e-01
2.392454311840386538e-01
2.392454313281347222e-01
2.392454289360871622e-01
2.392454718190501206e-01
2.392447025198081445e-01
2.392585069904246131e-01
2.390107956605730388e-01
2.434557951325538594e-01
1.636935159437654386e-01
4.891272137449975688e-01
4.891272137263384945e-01
1.636935159836165055e-01
2.434557951194919467e-01
2.390107956531762889e-01
2.392585069996652214e-01
2.392447025171403618e-01
2.392454718096749811e-01
2.392454289669288248e-01
2.392454313560462287e-01
2.392454312238338487e-01
2.392454311975943382e-01
2.392454312049917542e-01
2.392454311902651454e-01
2.392454311984889281e-01
2.392454312107732961e-01
2.392454312256645232e-01
2.392454312103964309e-01
2.392454312129380645e-01
2.392454312039382081e-01
2.392454311819501855e-01
2.392454312011194906e-01
2.392454311869305628e-01
2.392454311948641610e-01
2.392454311978108039e-01
2.392454312006355166e-01
2.392454312403992367e-01
2.392454312299164276e-01
2.392454312193002253e-01
2.392454312090711299e-01
2.392454311902843522e-01
2.392454312051053023e-01
2.392454312097868907e-01
2.392454311932083744e-01
2.392454311907287190e-01
2.392454312028609031e-01
2.392454312300644481e-01
2.392454312156956364e-01
2.392454312184045528e-01
2.392454312096090052e-01
2.392454312067291144e-01
2.392454311954035906e-01
2.392454311933840949e-01
2.392454311704620140e-01
2.392454312084031087e-01
2.392454312029395069e-01
2.392454312278344264e-01
2.392454312034323627e-01
2.392454312015757090e-01
2.392454312222931090e-01
2.392454312231589442e-01
2.392454312168607600e-01
2.392454312006974670e-01
2.392454311740821737e-01
2.392454311977704473e-01
2.392454312023946650e-01
2.392454312126993388e-01
2.392454312097088698e-01
2.392454312247674353e-01
2.392454312232539515e-01
2.392454312352955970e-01
2.392454312138766193e-01
2.392454312041765174e-01
2.392454312164494223e-01
2.392454312084834889e-01
2.392454312208519007e-01
2.392454311977756654e-01
2.392454312199057687e-01
2.392454312297443431e-01
2.392454312297163099e-01
2.392454312163626029e-01
2.392454312189828958e-01
2.392454312044086651e-01
2.392454312087085866e-01
2.392454311927613153e-01
2.392454311788235477e-01
2.392454311958455426e-01
2.392454312210984535e-01
2.392454312206965250e-01
2.392454312226463264e-01
2.392454312020033391e-01
2.392454312055075916e-01
2.392454312199362998e-01
2.392454312175747999e-01
2.392454311908279729e-01
2.392454311843227877e-01
2.392454311885019447e-01
2.392454311920021170e-01
2.392454312124000504e-01
2.392454312079679013e-01
2.392454312146259365e-01
2.392454312213807832e-01
2.392454312262446425e-01
2.392454312044350884e-01
2.392454311888561058e-01
2.392454311964458957e-01
2.392454312069747790e-01
2.392454312048478415e-01
2.392454311924193944e-01
2.392454312097964941e-01
2.392454312111358394e-01
2.392454312448632214e-01
2.392454312244368664e-01
2.392454312106304937e-01
2.392454311973180314e-01
2.392454311871993200e-01
2.392454311984145154e-01
2.392454311905412301e-01
2.392454311884716633e-01
2.392454312030174723e-01
2.392454312089046242e-01
2.392454312180723186e-01
2.392454312163178887e-01
2.392454312209742195e-01
2.392454311882384888e-01
2.392454312004382022e-01
2.392454311955173607e-01
2.392454312065565303e-01
2.392454312156552521e-01
2.392454313629182316e-01
2.392454289630557007e-01
2.392454718098348809e-01
2.392447025187116605e-01
2.392585070011763460e-01
2.390107956448576654e-01
2.434557951327821212e-01
1.636935159718722332e-01
4.891272137266426401e-01
4.891272137290494371e-01
1.636935159824427499e-01
2.434557951436744361e-01
2.390107956877625395e-01
2.392585070065033348e-01
2.392447025410007477e-01
2.392454718364418198e-01
2.392454289470758166e-01
2.392454313235327368e-01
2.392454312086676194e-01
2.392454311917321386e-01
2.392454312164223051e-01
2.392454312034608399e-01
2.392454312204203570e-01
2.392454312176623410e-01
2.392454312188190269e-01
2.392454312095927127e-01
2.392454312049419607e-01
2.392454311847156678e-01
2.392454311895126362e-01
2.392454311986694504e-01
2.392454311946847212e-01
2.392454311868122130e-01
2.392454311933066569e-01
2.392454311959679170e-01
2.392454312193977028e-01
2.392454312195266553e-01
2.392454312092591462e-01
2.392454312034373309e-01
2.392454311961033087e-01
2.392454312100696923e-01
2.392454312194003951e-01
2.392454312159275898e-01
2.392454312344806655e-01
2.392454312330960509e-01
2.392454312307261133e-01
2.392454312349738821e-01
2.392454312194428334e-01
2.392454312048366283e-01
2.392454312110859627e-01
2.392454311893227048e-01
2.392454311979010373e-01
2.392454311859378568e-01
2.392454311926736910e-01
2.392454311964211378e-01
2.392454312149398243e-01
2.392454311949960277e-01
2.392454312164949970e-01
2.392454311908837061e-01
2.392454311955341528e-01
2.392454311996266292e-01
2.392454311906138387e-01
2.392454312030466990e-01
2.392454312083019952e-01
2.392454311958855662e-01
2.392454311957517565e-01
2.392454311971241865e-01
2.392454312024998864e-01
2.392454312247741799e-01
2.392454312085370294e-01
2.392454312175684161e-01
2.392454312076339462e-01
2.392454312197854482e-01
2.392454312277623174e-01
2.392454312219245427e-01
2.392454312062589905e-01
2.392454312158011909e-01
2.392454312120490811e-01
2.392454312239652159e-01
2.392454311970440839e-01
2.392454312080805889e-01
2.392454311838442260e-01
2.392454312035799668e-01
2.392454312070080580e-01
2.392454311994513250e-01
2.392454311951605628e-01
2.392454311978684522e-01
2.392454311931514477e-01
2.392454311957539770e-01
2.392454312118176829e-01
2.392454311983045756e-01
2.392454312113209969e-01
2.392454312029870245e-01
2.392454311825150115e-01
2.392454311970389491e-01
2.392454311893513763e-01
2.392454311946541068e-01
2.392454312060904309e-01
2.392454312124716043e-01
2.392454312097857250e-01
2.392454312427946539e-01
2.392454312276605932e-01
2.392454312328778920e-01
2.392454312337438660e-01
2.392454312199961131e-01
2.392454312138935224e-01
2.392454312134746353e-01
2.392454311953828572e-01
2.392454312049182019e-01
2.392454312033437946e-01
2.392454312292385255e-01
2.392454312110343095e-01
2.392454311977476322e-01
2.392454311987308180e-01
2.392454311791412380e-01
2.392454311980683757e-01
2.392454312031110919e-01
2.392454311792446275e-01
2.392454311955687918e-01
2.392454311984185400e-01
2.392454312110470771e-01
2.392454312192348609e-01
2.392454312204655709e-01
2.392454312119721149e-01
2.392454312162319852e-01
2.392454312036585429e-01
2.392454312013275741e-01
2.392454312030994901e-01
2.392454313262851462e-01
2.392454289465383854e-01
2.392454718350679188e-01
2.392447025429811913e-01
2.392585070073308395e-01
2.390107956812969336e-01
2.434557951544177867e-01
1.636935159728299116e-01
4.891272137293774525e-01
4.891272137300869405e-01
1.636935159811865603e-01
2.434557951502998863e-01
2.390107956702613168e-01
2.392585069823077171e-01
2.392447025148841389e-01
2.392454717989362656e-01
2.392454289363236120e-01
2.392454313166531565e-01
2.392454311630132502e-01
2.392454311810602030e-01
2.392454312361840529e-01
2.392454312230799518e-01
2.392454312315195619e-01
2.392454312038452269e-01
2.392454311844224857e-01
2.392454312125736893e-01
2.392454312313286868e-01
2.392454312201414413e-01
2.392454312211601819e-01
2.392454311887907414e-01
2.392454312202561828e-01
2.392454312190407106e-01
2.392454312316838749e-01
2.392454312136883809e-01
2.392454312013577444e-01
2.392454311960178492e-01
2.392454311995434735e-01
2.392454311961611513e-01
2.392454311988157778e-01
2.392454311954632928e-01
2.392454312049790144e-01
2.392454312014383189e-01
2.392454311949715751e-01
2.392454311918328913e-01
2.392454311956856983e-01
2.392454311941063505e-01
2.392454311973759018e-01
2.392454311826515412e-01
2.392454312080737888e-01
2.392454312148104834e-01
2.392454312389574456e-01
2.392454312143123263e-01
2.392454312120315951e-01
2.392454312080189993e-01
2.392454312232597524e-01
2.392454312171765352e-01
2.392454312308852638e-01
2.392454311994679506e-01
2.392454312057110122e-01
2.392454312180183340e-01
2.392454312168089403e-01
2.392454312187429211e-01
2.392454312116543413e-01
2.392454312077800516e-01
2.392454312101943148e-01
2.392454312105978254e-01
2.392454311905618247e-01
2.392454312033991948e-01
2.392454311833473735e-01
2.392454312085272872e-01
2.392454312085769141e-01
2.392454312181250264e-01
2.392454311976025261e-01
2.392454312194501609e-01
2.392454312097919422e-01
2.392454312014528350e-01
2.392454311949883394e-01
2.392454311930424515e-01
2.392454311938888856e-01
2.392454312155072316e-01
2.392454312014454521e-01
2.392454312137554939e-01
2.392454312129647653e-01
2.392454312105326830e-01
2.392454312265617500e-01
2.392454312135916805e-01
2.392454312003422789e-01
2.392454312134963401e-01
2.392454312137089478e-01
2.392454312310888787e-01
2.392454312151372775e-01
2.392454312121307380e-01
2.392454312081117584e-01
2.392454312199861211e-01
2.392454312313948561e-01
2.392454312240484549e-01
2.392454311964597735e-01
2.392454311966605573e-01
2.392454311836933467e-01
2.392454312030523889e-01
2.392454311937925182e-01
2.392454311895031160e-01
2.392454311959900937e-01
2.392454312053953758e-01
2.392454311978229053e-01
2.392454312014622997e-01
2.392454311966157876e-01
2.392454311961909608e-01
2.392454311989197224e-01
2.392454311976763837e-01
2.392454312016329965e-01
2.392454312091105983e-01
2.392454312389367954e-01
2.392454312148892259e-01
2.392454312159773555e-01
2.392454312019029472e-01
2.392454312050584231e-01
2.392454312310134668e-01
2.392454312306337982e-01
2.392454312049631104e-01
2.392454311930301003e-01
2.392454312019905160e-01
2.392454312240207548e-01
2.392454312361258217e-01
2.392454312243464110e-01
2.392454311875713557e-01
2.392454311611915407e-01
2.392454313170980229e-01
2.392454289356003849e-01
2.392454717990067370e-01
2.392447025169702757e-01
2.392585069790692243e-01
2.390107956720307625e-01
2.434557951514194074e-01
1.636935159788053817e-01
4.891272137302265510e-01
4.891272137155985300e-01
1.636935159858571576e-01
2.434557951239224305e-01
2.390107956603656214e-01
2.392585069811324350e-01
2.392447025028418550e-01
2.392454718087930754e-01
2.392454289472985829e-01
2.392454313455533443e-01
2.392454312260585414e-01
2.392454312133539540e-01
2.392454312215689938e-01
2.392454311817159840e-01
2.392454311856605231e-01
2.392454311961564883e-01
2.392454311907848685e-01
2.392454311964890001e-01
2.392454311994607619e-01
2.392454312090885049e-01
2.392454312269384764e-01
2.392454312398590022e-01
2.392454312320261289e-01
2.392454312275823225e-01
2.392454311941253631e-01
2.392454311961459690e-01
2.392454311904598507e-01
2.392454312153987628e-01
2.392454311981614679e-01
2.392454312186337306e-01
2.392454311948512546e-01
2.392454312298390173e-01
2.392454312278404771e-01
2.392454312215357426e-01
2.392454312048271359e-01
2.392454311959473223e-01
2.392454311891852869e-01
2.392454311890812590e-01
2.392454311896784203e-01
2.392454311858943639e-01
2.392454312022896656e-01
2.392454312011385587e-01
2.392454312180499754e-01
2.392454312311508013e-01
2.392454312332337185e-01
2.392454312154234375e-01
2.392454312202745292e-01
2.392454311817227286e-01
2.392454311936481059e-01
2.392454311826388569e-01
2.392454312084973667e-01
2.392454312167928421e-01
2.392454312223094015e-01
2.392454312291120710e-01
2.392454312352264578e-01
2.392454312206094835e-01
2.392454312203894928e-01
2.392454312029494989e-01
2.392454311699154512e-01
2.392454311820493562e-01
2.392454311863052019e-01
2.392454312128961535e-01
2.392454312073185319e-01
2.392454312054780596e-01
2.392454312110726400e-01
2.392454312062177735e-01
2.392454312088459489e-01
2.392454312063918564e-01
2.392454311973590819e-01
2.392454311702059966e-01
2.392454311783581977e-01
2.392454312001046635e-01
2.392454312187783649e-01
2.392454312238901648e-01
2.392454312332663868e-01
2.392454312283246731e-01
2.392454312245542170e-01
2.392454312166338581e-01
2.392454312027398333e-01
2.392454311950348300e-01
2.392454311776742448e-01
2.392454311957613045e-01
2.392454312112477499e-01
2.392454312198744049e-01
2.392454312300422159e-01
2.392454312352065016e-01
2.392454312127364757e-01
2.392454312070479983e-01
2.392454311956044022e-01
2.392454311936051958e-01
2.392454311820882140e-01
2.392454311944418321e-01
2.392454311871338168e-01
2.392454311968660041e-01
2.392454312018775509e-01
2.392454312275902051e-01
2.392454312221601875e-01
2.392454312308647524e-01
2.392454312001060512e-01
2.392454312106942482e-01
2.392454312040748488e-01
2.392454312136174654e-01
2.392454311908144282e-01
2.392454311935036937e-01
2.392454312000150407e-01
2.392454312215717138e-01
2.392454312340822065e-01
2.392454312428366758e-01
2.392454312221500290e-01
2.392454312105274372e-01
2.392454312040036279e-01
2.392454311880281292e-01
2.392454311970198810e-01
2.392454311973241932e-01
2.392454311764947439e-01
2.392454311939302414e-01
2.392454312122830606e-01
2.392454312171825581e-01
2.392454312248990522e-01
2.392454313484441986e-01
2.392454289411365120e-01
2.392454718155336557e-01
2.392447024993713811e-01
2.392585069803541686e-01
2.390107956632341879e-01
2.434557951218065119e-01
1.636935159864943423e-01
4.891272137156513211e-01
4.891272137516868290e-01
1.636935159900623771e-01
2.434557951395881492e-01
2.390107956838359027e-01
2.392585069946865095e-01
2.392447025236769109e-01
2.392454717918646723e-01
2.392454289437136172e-01
2.392454313517922149e-01
2.392454312382925885e-01
2.392454312420674301e-01
2.392454312259615079e-01
2.392454312008046313e-01
2.392454312020076690e-01
2.392454311772150566e-01
2.392454311733820116e-01
2.392454311869131600e-01
2.392454311939264389e-01
2.392454311978263748e-01
2.392454312192654753e-01
2.392454312391203708e-01
2.392454312199647493e-01
2.392454312214903067e-01
2.392454311945824419e-01
2.392454311816757107e-01
2.392454311663427258e-01
2.392454311867299455e-01
2.392454311989357374e-01
2.392454312324925336e-01
2.392454312394520777e-01
2.392454312382711612e-01
2.392454312232903946e-01
2.392454312273459283e-01
2.392454312257924764e-01
2.392454312079806411e-01
2.392454311906107856e-01
2.392454311819174617e-01
2.392454312165201435e-01
2.392454312151814366e-01
2.392454312251741932e-01
2.392454312383843484e-01
2.392454312219938206e-01
2.392454312185403054e-01
2.392454312058613364e-01
2.392454311877734718e-01
2.392454311917369958e-01
2.392454311777701959e-01
2.392454311856243854e-01
2.392454311757027108e-01
2.392454311802769962e-01
2.392454311950261148e-01
2.392454312222308810e-01
2.392454312192290877e-01
2.392454312274882589e-01
2.392454312281105111e-01
2.392454312145337325e-01
2.392454312016100981e-01
2.392454312019315632e-01
2.392454311986997040e-01
2.392454311842251435e-01
2.392454312063647393e-01
2.392454312153772245e-01
2.392454312350877077e-01
2.392454312263201099e-01
2.392454312305293262e-01
2.392454312229888580e-01
2.392454311983051585e-01
2.392454311908665532e-01
2.392454311938030376e-01
2.392454312066851219e-01
2.392454311959320845e-01
2.392454312204021216e-01
2.392454312249451820e-01
2.392454312259486293e-01
2.392454312245948234e-01
2.392454312161132468e-01
2.392454311993921223e-01
2.392454311773018483e-01
2.392454311788017318e-01
2.392454311815174484e-01
2.392454311813851653e-01
2.392454311898642716e-01
2.392454311877676432e-01
2.392454312059855148e-01
2.392454312191268362e-01
2.392454312209013056e-01
2.392454312390420168e-01
2.392454312245581027e-01
2.392454312171071740e-01
2.392454312124201732e-01
2.392454311879616269e-01
2.392454311832604152e-01
2.392454312171058139e-01
2.392454312149821238e-01
2.392454312379978520e-01
2.392454312174407127e-01
2.392454312358449353e-01
2.392454312496486157e-01
2.392454312204094491e-01
2.392454312065483424e-01
2.392454311862841632e-01
2.392454311630711206e-01
2.392454311827293678e-01
2.392454311998304661e-01
2.392454312106763181e-01
2.392454312322086496e-01
2.392454312296087848e-01
2.392454312242848213e-01
2.392454311960361402e-01
2.392454311942367740e-01
2.392454311872794226e-01
2.392454311706623815e-01
2.392454311838792813e-01
2.392454311911872966e-01
2.392454312127776928e-01
2.392454312159753571e-01
2.392454312487657664e-01
2.392454312326026122e-01
2.392454313593625204e-01
2.392454289333803275e-01
2.392454718027031413e-01
2.392447025150178097e-01
2.392585070006110481e-01
2.390107956791706345e-01
2.434557951441995438e-01
1.636935159863927847e-01
4.891272137518730134e-01
4.891272137214947580e-01
1.636935159806246209e-01
2.434557951038438250e-01
2.390107956497004860e-01
2.392585069821611399e-01
2.392447024896755259e-01
2.392454717906421224e-01
2.392454289531742162e-01
2.392454313351716766e-01
2.392454312201413857e-01
2.392454312200972821e-01
2.392454312314975517e-01
2.392454311934899269e-01
2.392454312180385678e-01
2.392454312000278083e-01
2.392454311878955131e-01
2.392454311790174482e-01
2.392454311984330839e-01
2.392454312148523943e-01
2.392454312153348139e-01
2.392454312076479905e-01
2.392454311823442314e-01
2.392454312008570338e-01
2.392454311855743143e-01
2.392454312017044671e-01
2.392454311929401722e-01
2.392454311743147100e-01
2.392454311823683233e-01
2.392454311948212509e-01
2.392454311820926827e-01
2.392454312050966148e-01
2.392454312087911317e-01
2.392454312094904334e-01
2.392454312044955955e-01
2.392454311785796317e-01
2.392454312079114465e-01
2.392454311883122076e-01
2.392454311945449719e-01
2.392454311980902470e-01
2.392454312126053861e-01
2.392454312084326962e-01
2.392454312218435797e-01
2.392454312144750017e-01
2.392454312105296854e-01
2.392454311947941337e-01
2.392454311871765604e-01
2.392454311939339329e-01
2.392454311925678034e-01
2.392454312089037083e-01
2.392454312063408417e-01
2.392454312026068841e-01
2.392454311977253167e-01
2.392454312140286643e-01
2.392454311919325338e-01
2.392454311922571630e-01
2.392454311816870627e-01
2.392454311858182858e-01
2.392454311987347038e-01
2.392454311918748300e-01
2.392454312086851331e-01
2.392454312236034220e-01
2.392454312045089460e-01
2.392454312040443731e-01
2.392454312241615311e-01
2.392454311949101242e-01
2.392454312173744602e-01
2.392454312143530160e-01
2.392454312105057879e-01
2.392454311953934321e-01
2.392454311965341029e-01
2.392454311814814216e-01
2.392454311924211707e-01
2.392454311809260326e-01
2.392454311979873016e-01
2.392454312145410045e-01
2.392454311943267575e-01
2.392454312043156561e-01
2.392454312073835909e-01
2.392454312070785571e-01
2.392454311926753563e-01
2.392454311952388335e-01
2.392454311860947036e-01
2.392454311939818390e-01
2.392454312127717253e-01
2.392454312117344439e-01
2.392454312239710168e-01
2.392454312075718292e-01
2.392454312110491865e-01
2.392454312031781771e-01
2.392454311860038041e-01
2.392454311988624904e-01
2.392454311970838854e-01
2.392454311893159880e-01
2.392454311936455802e-01
2.392454312200796851e-01
2.392454312010725559e-01
2.392454312074217826e-01
2.392454311855566618e-01
2.392454311887568796e-01
2.392454311870437778e-01
2.392454311730485284e-01
2.392454311924842036e-01
2.392454312004164696e-01
2.392454311912793619e-01
2.392454311909154308e-01
2.392454311936058065e-01
2.392454311987990412e-01
2.392454312189291887e-01
2.392454312167462405e-01
2.392454311926247579e-01
2.392454311862031446e-01
2.392454311800568667e-01
2.392454312089267177e-01
2.392454312066596422e-01
2.392454312069153266e-01
2.392454312173897257e-01
2.392454312327364219e-01
2.392454312093850177e-01
2.392454313442136937e-01
2.392454289453567196e-01
2.392454717969737799e-01
2.392447024844542303e-01
2.392585069876295156e-01
2.390107956425594760e-01
2.434557951120988883e-01
1.636935159741534640e-01
4.891272137217501093e-01
4.891272139764635818e-01
1.636935160767686859e-01
2.434557952871501674e-01
2.390107958107416386e-01
2.392585071288197418e-01
2.392447026513096209e-01
2.392454719321380208e-01
2.392454290526802030e-01
2.392454314126136461e-01
2.392454312886268253e-01
2.392454312933587068e-01
2.392454313323181536e-01
2.392454313368756191e-01
2.392454313630747731e-01
2.392454313405227018e-01
2.392454313356728035e-01
2.392454313340618421e-01
2.392454313174241509e-01
2.392454313328380988e-01
2.392454313437467894e-01
2.392454313451941039e-01
2.392454313336307148e-01
2.392454313391319254e-01
2.392454313429938084e-01
2.392454313509692898e-01
2.392454313373567898e-01
2.392454313588592840e-01
2.392454313389035803e-01
2.392454313453006576e-01
2.392454313428846180e-01
2.392454313295259705e-01
2.392454313005600297e-01
2.392454313118690945e-01
2.392454313330937554e-01
2.392454313334725358e-01
2.392454313164392443e-01
2.392454313184021464e-01
2.392454313324233750e-01
2.392454313374389185e-01
2.392454313367422536e-01
2.392454313084976247e-01
2.392454313111862518e-01
2.392454313163041857e-01
2.392454313373117980e-01
2.392454313309472225e-01
2.392454313557117462e-01
2.392454313378437059e-01
2.392454313643536667e-01
2.392454313645552832e-01
2.392454313450456393e-01
2.392454313455351922e-01
2.392454313394760668e-01
2.392454313330856230e-01
2.392454313334590743e-01
2.392454313351380091e-01
2.392454313272968369e-01
2.392454313196056281e-01
2.392454313405462940e-01
2.392454313511998831e-01
2.392454313367535224e-01
2.392454313269933852e-01
2.392454313136627708e-01
2.392454313115647546e-01
2.392454313177485858e-01
2.392454313059868831e-01
2.392454313210153338e-01
2.392454313229194218e-01
2.392454313352182782e-01
2.392454313563288915e-01
2.392454313373404973e-01
2.392454313167324820e-01
2.392454313361359608e-01
2.392454313249257336e-01
2.392454313405701916e-01
2.392454313297710800e-01
2.392454313420386003e-01
2.392454313409927980e-01
2.392454313505712193e-01
2.392454313618213868e-01
2.392454313611423466e-01
2.392454313463609761e-01
2.392454313451015391e-01
2.392454313401265464e-01
2.392454313309050895e-01
2.392454313203098704e-01
2.392454313082076900e-01
2.392454313119857234e-01
2.392454313311287994e-01
2.392454313459194959e-01
2.392454313222024398e-01
2.392454313276055344e-01
2.392454313107598152e-01
2.392454313357266493e-01
2.392454313316051961e-01
2.392454313157729440e-01
2.392454312932933702e-01
2.392454313382575137e-01
2.392454313358424733e-01
2.392454313483968475e-01
2.392454313401809474e-01
2.392454313543346811e-01
2.392454313433950985e-01
2.392454313449224046e-01
2.392454313483667327e-01
2.392454313341578764e-01
2.392454313386282727e-01
2.392454313405109334e-01
2.392454313465959270e-01
2.392454313332419424e-01
2.392454313132728050e-01
2.392454313409493882e-01
2.392454313267083077e-01
2.392454313515101350e-01
2.392454313491609308e-01
2.392454313530211207e-01
2.392454313160198853e-01
2.392454313066371685e-01
2.392454312798917293e-01
2.392454314169614182e-01
2.392454290509897219e-01
2.392454719326527479e-01
2.392447026505809538e-01
2.392585071308355738e-01
2.390107958066893246e-01
2.434557952923718516e-01
1.636935160724654337e-01
4.891272139765336924e-01
4.891272090758686519e-01
1.636935144404194353e-01
2.434557928319185383e-01
2.390107934242449161e-01
2.392585047695533207e-01
2.392447002867829631e-01
2.392454695611900550e-01
2.392454266722041645e-01
2.392454290473522427e-01
2.392454289115732990e-01
2.392454289318044769e-01
2.392454289349469632e-01
2.392454289300811610e-01
2.392454289643728693e-01
2.392454289665830736e-01
2.392454289782729449e-01
2.392454289654472877e-01
2.392454289445028193e-01
2.392454289371239995e-01
2.392454289079177510e-01
2.392454289293275693e-01
2.392454289231357722e-01
2.392454289370790077e-01
2.392454289476008411e-01
2.392454289668197731e-01
2.392454289643398124e-01
2.392454289612516161e-01
2.392454289635897180e-01
2.392454289483333107e-01
2.392454289387464517e-01
2.392454289297389625e-01
2.392454289353936892e-01
2.392454289354647434e-01
2.392454289452810301e-01
2.392454289591856298e-01
2.392454289755487629e-01
2.392454289727928562e-01
2.392454289688867308e-01
2.392454289404563894e-01
2.392454289489353847e-01
2.392454289168883530e-01
2.392454289393161071e-01
2.392454289078161100e-01
2.392454289268947376e-01
2.392454289137129486e-01
2.392454289554671043e-01
2.392454289578714033e-01
2.392454289777537491e-01
2.392454289617255425e-01
2.392454289487291053e-01
2.392454289362603015e-01
2.392454289205899198e-01
2.392454289121292987e-01
2.392454289101418052e-01
2.392454289169684556e-01
2.392454289404125078e-01
2.392454289776923815e-01
2.392454289811504486e-01
2.392454289679452895e-01
2.392454289481550644e-01
2.392454289563457348e-01
2.392454289376136356e-01
2.392454289313472870e-01
2.392454289250159627e-01
2.392454289323110161e-01
2.392454289366004183e-01
2.392454289565176806e-01
2.392454289490734687e-01
2.392454289663131228e-01
2.392454289833315373e-01
2.392454289752308227e-01
2.392454289425343661e-01
2.392454289162044834e-01
2.392454289096766495e-01
2.392454289120276301e-01
2.392454289236599363e-01
2.392454289297505643e-01
2.392454289558591518e-01
2.392454289584682869e-01
2.392454289739401052e-01
2.392454289687827584e-01
2.392454289398529277e-01
2.392454289312207494e-01
2.392454289096935249e-01
2.392454289231976117e-01
2.392454289269199119e-01
2.392454289261705114e-01
2.392454289417065560e-01
2.392454289471651618e-01
2.392454289624272035e-01
2.392454289774676723e-01
2.392454289744994078e-01
2.392454289566108561e-01
2.392454289487113972e-01
2.392454289347278606e-01
2.392454289312869187e-01
2.392454289375802734e-01
2.392454289302771431e-01
2.392454289538011314e-01
2.392454289628688224e-01
2.392454289576427806e-01
2.392454289698279224e-01
2.392454289618332341e-01
2.392454289512945531e-01
2.392454289331764905e-01
2.392454289294230485e-01
2.392454289201181861e-01
2.392454289178150284e-01
2.392454289301920722e-01
2.392454289458468553e-01
2.392454289700772230e-01
2.392454289686889723e-01
2.392454289799328948e-01
2.392454289484201579e-01
2.392454289462878636e-01
2.392454289220180275e-01
2.392454289382981436e-01
2.392454289116084654e-01
2.392454290438225661e-01
2.392454266747561509e-01
2.392454695623572047e-01
2.392447002817242041e-01
2.392585047766740969e-01
2.390107934170199733e-01
2.434557928376780145e-01
1.636935144368195372e-01
4.891272090757782798e-01
4.891272967214647660e-01
1.636935437577973496e-01
2.434558364633465644e-01
2.390108362703475819e-01
2.392585476339508244e-01
2.392447431616865072e-01
2.392455124588314386e-01
2.392454695611624937e-01
2.392454719609016789e-01
2.392454717906400685e-01
2.392454718154029547e-01
2.392454718108034672e-01
2.392454718307321648e-01
2.392454718227449706e-01
2.392454718331169794e-01
2.392454718378560219e-01
2.392454718171492245e-01
2.392454718073254716e-01
2.392454718198420982e-01
2.392454717922371799e-01
2.392454718120038126e-01
2.392454717859427427e-01
2.392454717915186713e-01
2.392454718008385495e-01
2.392454718130637703e-01
2.392454718303082262e-01
2.392454718215281662e-01
2.392454718077017539e-01
2.392454718159065241e-01
2.392454717988929669e-01
2.392454717936113862e-01
2.392454717858313040e-01
2.392454718074223663e-01
2.392454718216372178e-01
2.392454718313109241e-01
2.392454718374404932e-01
2.392454718427290405e-01
2.392454718517424694e-01
2.392454718205729858e-01
2.392454718321734841e-01
2.392454717910307838e-01
2.392454718036622907e-01
2.392454718035672279e-01
2.392454718266461278e-01
2.392454718176384165e-01
2.392454718477335651e-01
2.392454718176396655e-01
2.392454718202887409e-01
2.392454718057951124e-01
2.392454717972853362e-01
2.392454717974832057e-01
2.392454718072530295e-01
2.392454717896631555e-01
2.392454717973572786e-01
2.392454718142011660e-01
2.392454718236955713e-01
2.392454718341473774e-01
2.392454718117935364e-01
2.392454718293985094e-01
2.392454718351167409e-01
2.392454718307072126e-01
2.392454718228664012e-01
2.392454718032948346e-01
2.392454717820747812e-01
2.392454718061222396e-01
2.392454718205746789e-01
2.392454718289414584e-01
2.392454718415564785e-01
2.392454718210720310e-01
2.392454718183635032e-01
2.392454718310783879e-01
2.392454718240413225e-01
2.392454718146188042e-01
2.392454717978824696e-01
2.392454717875946713e-01
2.392454718103863565e-01
2.392454717944868248e-01
2.392454717988609092e-01
2.392454718066774899e-01
2.392454718167507377e-01
2.392454718239022116e-01
2.392454718385955970e-01
2.392454718302243211e-01
2.392454718111817202e-01
2.392454718199592267e-01
2.392454717895514393e-01
2.392454718008681924e-01
2.392454718264045155e-01
2.392454718244897693e-01
2.392454718476644260e-01
2.392454718474132380e-01
2.392454718329273811e-01
2.392454718346318510e-01
2.392454718195689556e-01
2.392454718081777343e-01
2.392454717860510449e-01
2.392454717921350671e-01
2.392454718009617010e-01
2.392454718138574132e-01
2.392454718085254561e-01
2.392454718221603271e-01
2.392454718285112192e-01
2.392454718143836312e-01
2.392454718022660465e-01
2.392454717849883672e-01
2.392454717983208690e-01
2.392454717960624533e-01
2.392454718071750086e-01
2.392454718106006017e-01
2.392454718092434374e-01
2.392454718213620213e-01
2.392454718302358396e-01
2.392454718425810756e-01
2.392454718124426005e-01
2.392454718403549951e-01
2.392454718049933371e-01
2.392454718148432080e-01
2.392454717971572165e-01
2.392454719527470075e-01
2.392454695654062657e-01
2.392455124618662332e-01
2.392447431520294265e-01
2.392585476466752847e-01
2.390108362583464596e-01
2.434558364721310930e-01
1.636935437528473924e-01
4.891272967213725620e-01
4.891257239593652661e-01
1.636930174071697663e-01
2.434550536093646189e-01
2.390100676765619658e-01
2.392577782428248201e-01
2.392439738303494823e-01
2.392447431387688117e-01
2.392447002541851497e-01
2.392447026262367604e-01
2.392447025013017536e-01
2.392447025230854396e-01
2.392447024968869795e-01
2.392447025174637976e-01
2.392447024962722768e-01
2.392447025031033681e-01
2.392447025233419566e-01
2.392447025213275680e-01
2.392447025267574745e-01
2.392447025127539262e-01
2.392447025044139308e-01
2.392447025326476517e-01
2.392447025162218743e-01
2.392447025404624561e-01
2.392447025388735049e-01
2.392447025345952882e-01
2.392447025234845370e-01
2.392447025325739884e-01
2.392447025148342343e-01
2.392447025118475956e-01
2.392447024953594792e-01
2.392447025229207380e-01
2.392447025185228393e-01
2.392447025101180902e-01
2.392447025026802898e-01
2.392447025277219252e-01
2.392447025074037337e-01
2.392447025057793941e-01
2.392447025149107009e-01
2.392447024968024083e-01
2.392447025232635749e-01
2.392447025297764762e-01
2.392447025188945975e-01
2.392447025200656052e-01
2.392447025180425846e-01
2.392447025044009412e-01
2.392447025244337500e-01
2.392447025204918754e-01
2.392447025362338109e-01
2.392447025288187146e-01
2.392447025290141971e-01
2.392447025112126868e-01
2.392447025172366737e-01
2.392447025276709105e-01
2.392447025336259525e-01
2.392447025395273152e-01
2.392447025266454530e-01
2.392447025365993518e-01
2.392447025179167408e-01
2.392447025109128989e-01
2.392447025043454023e-01
2.392447024966102564e-01
2.392447025113809689e-01
2.392447025127985016e-01
2.392447025149746220e-01
2.392447025153748019e-01
2.392447025098357882e-01
2.392447024935186461e-01
2.392447025122088067e-01
2.392447025014519113e-01
2.392447025256489723e-01
2.392447025308712394e-01
2.392447025327684162e-01
2.392447025305917963e-01
2.392447025447434206e-01
2.392447025180281794e-01
2.392447025214496648e-01
2.392447025139136096e-01
2.392447025216352108e-01
2.392447025367501479e-01
2.392447025313377551e-01
2.392447025220278967e-01
2.392447025239561598e-01
2.392447025073669298e-01
2.392447025112955927e-01
2.392447025294640872e-01
2.392447025100468416e-01
2.392447025359655255e-01
2.392447025200667154e-01
2.392447024986083248e-01
2.392447025126563098e-01
2.392447025097038382e-01
2.392447025013577921e-01
2.392447025351153445e-01
2.392447024956895485e-01
2.392447025133642435e-01
2.392447025214762268e-01
2.392447025131430316e-01
2.392447025085308043e-01
2.392447025000780103e-01
2.392447025207565248e-01
2.392447025331570498e-01
2.392447025187531551e-01
2.392447025389101145e-01
2.392447025390805615e-01
2.392447025335837640e-01
2.392447025289311524e-01
2.392447025182068976e-01
2.392447025155469420e-01
2.392447025086939238e-01
2.392447025242077918e-01
2.392447025273256311e-01
2.392447025180151621e-01
2.392447025065252975e-01
2.392447024942235545e-01
2.392447025194827381e-01
2.392447024956370349e-01
2.392447025222604329e-01
2.392447025049169174e-01
2.392447026216156791e-01
2.392447002572533066e-01
2.392447431391526436e-01
2.392439738267581328e-01
2.392577782480322102e-01
2.390100676713382000e-01
2.434550536134522658e-01
1.636930174046950237e-01
4.891257239592884942e-01
4.891539466761951060e-01
1.637024625372235365e-01
2.434691010440249714e-01
2.390238586118314801e-01
2.392715834859093782e-01
2.392577782519809404e-01
2.392585475860285749e-01
2.392585047345045235e-01
2.392585071309888400e-01
2.392585069907604556e-01
2.392585069863529812e-01
2.392585070057400287e-01
2.392585070099782218e-01
2.392585069935750097e-01
2.392585069945870613e-01
2.392585069865048042e-01
2.392585069774625928e-01
2.392585069857960101e-01
2.392585070133791403e-01
2.392585070011283288e-01
2.392585070094429278e-01
2.392585070125572144e-01
2.392585070276176396e-01
2.392585069877007087e-01
2.392585070013767967e-01
2.392585069905164008e-01
2.392585069730689684e-01
2.392585069815489629e-01
2.392585070138780190e-01
2.392585070082179632e-01
2.392585070220827337e-01
2.392585070207443043e-01
2.392585070275256576e-01
2.392585070116895196e-01
2.392585069822249499e-01
2.392585069670707110e-01
2.392585069694081468e-01
2.392585069797976416e-01
2.392585069867902148e-01
2.392585069903233053e-01
2.392585069976037870e-01
2.392585070236782074e-01
2.392585070169297168e-01
2.392585070140556547e-01
2.392585069900690642e-01
2.392585069704908085e-01
2.392585069791234587e-01
2.392585069765570116e-01
2.392585069805458486e-01
2.392585070112538126e-01
2.392585070000692871e-01
2.392585070131425795e-01
2.392585070226874444e-01
2.392585070024751959e-01
2.392585070142637382e-01
2.392585069879324122e-01
2.392585069777987128e-01
2.392585069704109835e-01
2.392585069881214277e-01
2.392585069952984922e-01
2.392585070026029548e-01
2.392585070204532594e-01
2.392585070033930172e-01
2.392585070099519373e-01
2.392585070072183739e-01
2.392585070169259420e-01
2.392585070012353821e-01
2.392585070024558780e-01
2.392585069780309992e-01
2.392585069799339492e-01
2.392585069694483646e-01
2.392585069969531131e-01
2.392585070029595307e-01
2.392585070143998516e-01
2.392585070145478998e-01
2.392585070135775926e-01
2.392585070073257048e-01
2.392585070006496561e-01
2.392585069888930605e-01
2.392585069739454895e-01
2.392585069771246409e-01
2.392585069734948777e-01
2.392585069898964523e-01
2.392585070106153511e-01
2.392585070226375121e-01
2.392585070183007312e-01
2.392585070013939497e-01
2.392585069885929394e-01
2.392585069866841607e-01
2.392585069815496568e-01
2.392585069669199704e-01
2.392585069683090815e-01
2.392585069839332224e-01
2.392585070070942510e-01
2.392585070317081175e-01
2.392585070208323728e-01
2.392585070154149007e-01
2.392585070194164498e-01
2.392585070020139537e-01
2.392585069902388450e-01
2.392585069683180465e-01
2.392585069923698349e-01
2.392585070004285275e-01
2.392585069891798033e-01
2.392585070246806001e-01
2.392585070172905393e-01
2.392585070039880968e-01
2.392585070053018237e-01
2.392585070131597325e-01
2.392585069816443866e-01
2.392585069845569734e-01
2.392585069797285857e-01
2.392585069993730940e-01
2.392585069910298790e-01
2.392585070123541546e-01
2.392585070022546501e-01
2.392585069917448348e-01
2.392585069845783452e-01
2.392585071364540517e-01
2.392585047318461500e-01
2.392585475849373644e-01
2.392577782565083744e-01
2.392715834800204777e-01
2.390238586166897605e-01
2.434691010414719858e-01
1.637024625378465104e-01
4.891539466761452570e-01
4.886475112429070067e-01
1.635329765807366775e-01
2.432170303678762857e-01
2.387763902396350113e-01
2.390238586083712480e-01
2.390100676754734199e-01
2.390108362278136334e-01
2.390107934287054037e-01
2.390107957934232141e-01
2.390107957022329088e-01
2.390107956750553431e-01
2.390107956735593731e-01
2.390107956688074242e-01
2.390107956938741229e-01
2.390107956798962208e-01
2.390107956731286343e-01
2.390107956744890183e-01
2.390107956480651830e-01
2.390107956531689892e-01
2.390107956668435507e-01
2.390107956678482193e-01
2.390107956798560307e-01
2.390107956681097323e-01
2.390107956710443016e-01
2.390107956675478484e-01
2.390107956133885325e-01
2.390107956466364925e-01
2.390107956468777717e-01
2.390107956697195835e-01
2.390107956907686626e-01
2.390107956984819648e-01
2.390107957009645068e-01
2.390107956699341063e-01
2.390107956631563335e-01
2.390107956562623204e-01
2.390107956453000337e-01
2.390107956651330301e-01
2.390107956588637950e-01
2.390107956723389881e-01
2.390107956719591253e-01
2.390107956900402453e-01
2.390107956850848758e-01
2.390107956792145993e-01
2.390107956849839843e-01
2.390107956572382897e-01
2.390107956538395917e-01
2.390107956472959927e-01
2.390107956557240565e-01
2.390107956466871186e-01
2.390107956678322321e-01
2.390107956876678097e-01
2.390107956986809445e-01
2.390107956943648970e-01
2.390107956604611006e-01
2.390107956267799594e-01
2.390107956317946147e-01
2.390107956430168601e-01
2.390107956543336409e-01
2.390107956784394416e-01
2.390107956580399817e-01
2.390107956793595667e-01
2.390107956816848178e-01
2.390107956772818398e-01
2.390107957000937866e-01
2.390107956814994661e-01
2.390107956780295473e-01
2.390107956771249931e-01
2.390107956672996581e-01
2.390107956657192834e-01
2.390107956652509913e-01
2.390107956364265762e-01
2.390107956349619422e-01
2.390107956247146948e-01
2.390107956618955920e-01
2.390107956950904278e-01
2.390107956942212064e-01
2.390107956950376922e-01
2.390107956608926443e-01
2.390107956499183395e-01
2.390107956570205749e-01
2.390107956439462278e-01
2.390107956560968971e-01
2.390107956579277937e-01
2.390107956823566138e-01
2.390107956821422297e-01
2.390107956829873315e-01
2.390107956919018672e-01
2.390107956701164327e-01
2.390107956732534789e-01
2.390107956607488982e-01
2.390107956599783756e-01
2.390107956514838372e-01
2.390107956525327759e-01
2.390107956621885521e-01
2.390107956745028406e-01
2.390107956957025215e-01
2.390107957015879803e-01
2.390107956905287434e-01
2.390107956670186606e-01
2.390107956525424349e-01
2.390107956375562559e-01
2.390107956244581777e-01
2.390107956580480864e-01
2.390107956749231155e-01
2.390107956711258475e-01
2.390107956730830041e-01
2.390107956733349137e-01
2.390107956661532418e-01
2.390107956500786557e-01
2.390107956513630727e-01
2.390107956746776174e-01
2.390107956690361302e-01
2.390107956863285199e-01
2.390107956874818196e-01
2.390107956750464058e-01
2.390107956662230748e-01
2.390107956855209992e-01
2.390107956889054586e-01
2.390107958071217287e-01
2.390107934189855676e-01
2.390108362310237877e-01
2.390100676779521038e-01
2.390238586043483826e-01
2.387763902410938166e-01
2.432170303699097702e-01
1.635329765776452615e-01
4.886475112430523904e-01
4.977351255400123131e-01
1.665742785166589024e-01
2.477402551951151943e-01
2.432170303561136393e-01
2.434691010345035600e-01
2.434550536355506445e-01
2.434558364597546321e-01
2.434557928534191729e-01
2.434557952696596028e-01
2.434557951586631963e-01
2.434557951359203887e-01
2.434557951588975921e-01
2.434557951320239222e-01
2.434557951220653327e-01
2.434557951281484112e-01
2.434557951391433661e-01
2.434557951381201846e-01
2.434557951366867479e-01
2.434557951575555268e-01
2.434557951446121304e-01
2.434557951444346613e-01
2.434557951456504665e-01
2.434557951321527081e-01
2.434557951074156346e-01
2.434557951285948874e-01
2.434557951330432179e-01
2.434557951409109244e-01
2.434557951140604859e-01
2.434557951294096523e-01
2.434557951265151621e-01
2.434557951362064376e-01
2.434557951458236891e-01
2.434557951523712849e-01
2.434557951417357924e-01
2.434557951570074652e-01
2.434557951321179303e-01
2.434557951278341625e-01
2.434557951184160296e-01
2.434557951449317359e-01
2.434557951588305347e-01
2.434557951583800894e-01
2.434557951579247870e-01
2.434557951346767724e-01
2.434557951256506036e-01
2.434557951358843064e-01
2.434557951366162765e-01
2.434557951362855965e-01
2.434557951292318223e-01
2.434557951394551445e-01
2.434557951547239585e-01
2.434557951448485524e-01
2.434557951414507426e-01
2.434557951285232502e-01
2.434557951270080456e-01
2.434557951348775284e-01
2.434557951487522631e-01
2.434557951518600549e-01
2.434557951398292619e-01
2.434557951551174770e-01
2.434557951504927598e-01
2.434557951413165722e-01
2.434557951331536574e-01
2.434557951093744566e-01
2.434557951170414070e-01
2.434557951124293740e-01
2.434557951310775403e-01
2.434557951380927621e-01
2.434557951596099667e-01
2.434557951439247914e-01
2.434557951478925342e-01
2.434557951494462080e-01
2.434557951466840842e-01
2.434557951382576579e-01
2.434557951243667417e-01
2.434557951304445744e-01
2.434557951391407016e-01
2.434557951477213655e-01
2.434557951522887953e-01
2.434557951403575060e-01
2.434557951296920375e-01
2.434557951358150008e-01
2.434557951362822381e-01
2.434557951363734429e-01
2.434557951268196685e-01
2.434557951311743518e-01
2.434557951623098626e-01
2.434557951560741285e-01
2.434557951574851664e-01
2.434557951487776595e-01
2.434557951151450073e-01
2.434557951284050947e-01
2.434557951336784876e-01
2.434557951556819422e-01
2.434557951407910203e-01
2.434557951557290156e-01
2.434557951410139254e-01
2.434557951415139976e-01
2.434557951211523130e-01
2.434557951332471937e-01
2.434557951145949750e-01
2.434557951336326076e-01
2.434557951456619296e-01
2.434557951165540191e-01
2.434557951116282370e-01
2.434557951389997865e-01
2.434557951316471680e-01
2.434557951569419620e-01
2.434557951412523735e-01
2.434557951503306672e-01
2.434557951499276840e-01
2.434557951260022945e-01
2.434557951457954617e-01
2.434557951272721954e-01
2.434557951196310577e-01
2.434557951358743977e-01
2.434557951535066267e-01
2.434557951443982737e-01
2.434557951465873837e-01
2.434557952836198524e-01
2.434557928411881789e-01
2.434558364680443898e-01
2.434550536302410861e-01
2.434691010403558786e-01
2.432170303470476691e-01
2.477402552062420993e-01
1.665742785078337951e-01
4.977351255403251185e-01
3.346645032370838546e-01
1.120003297040159523e-01
1.665742785266065007e-01
1.635329765850062067e-01
1.637024625248108822e-01
1.636930174142446903e-01
1.636935437735368148e-01
1.636935144395531838e-01
1.636935160490387564e-01
1.636935159602718737e-01
1.636935159653970517e-01
1.636935159640157678e-01
1.636935159649602345e-01
1.636935159446137322e-01
1.636935159492006464e-01
1.636935159469501966e-01
1.636935159694789810e-01
1.636935159719883626e-01
1.636935159740626200e-01
1.636935160031876835e-01
1.636935159997415790e-01
1.636935160234447850e-01
1.636935159897133507e-01
1.636935159969588049e-01
1.636935159813245055e-01
1.636935159756465474e-01
1.636935159997196243e-01
1.636935160018910818e-01
1.636935159965042519e-01
1.636935159806906515e-01
1.636935159774918769e-01
1.636935159663133188e-01
1.636935159770437909e-01
1.636935159714469346e-01
1.636935159643983506e-01
1.636935159593014000e-01
1.636935159755500413e-01
1.636935159786751803e-01
1.636935159872235090e-01
1.636935159823990626e-01
1.636935159833083353e-01
1.636935159717169685e-01
1.636935159683426955e-01
1.636935159626070890e-01
1.636935159641754178e-01
1.636935159711568333e-01
1.636935159800571304e-01
1.636935159937929762e-01
1.636935159832903497e-01
1.636935159810533336e-01
1.636935159882340063e-01
1.636935159823479924e-01
1.636935159806487683e-01
1.636935159810245233e-01
1.636935159759789482e-01
1.636935159791800265e-01
1.636935159836550024e-01
1.636935160014900970e-01
1.636935159939623963e-01
1.636935159921265037e-01
1.636935159823512953e-01
1.636935159845573362e-01
1.636935159486578861e-01
1.636935159517331484e-01
1.636935159528986883e-01
1.636935159790886829e-01
1.636935159853455390e-01
1.636935159931014183e-01
1.636935159902781489e-01
1.636935160054126814e-01
1.636935159810388452e-01
1.636935159807709483e-01
1.636935159741940982e-01
1.636935159835289644e-01
1.636935159779289717e-01
1.636935159844062626e-01
1.636935159871470979e-01
1.636935159814904006e-01
1.636935159831060804e-01
1.636935159935379025e-01
1.636935159812278606e-01
1.636935159693522213e-01
1.636935159651349003e-01
1.636935159642872173e-01
1.636935159637062653e-01
1.636935159775771420e-01
1.636935159791098604e-01
1.636935159831341968e-01
1.636935159895653580e-01
1.636935159751125024e-01
1.636935159787999694e-01
1.636935159567361464e-01
1.636935159666369766e-01
1.636935159695784014e-01
1.636935159777671567e-01
1.636935159670597495e-01
1.636935159764901504e-01
1.636935159800146644e-01
1.636935159994125366e-01
1.636935159986864785e-01
1.636935160000725642e-01
1.636935159793811989e-01
1.636935159760652125e-01
1.636935159988805455e-01
1.636935159944194196e-01
1.636935160135737088e-01
1.636935160092130859e-01
1.636935160000691225e-01
1.636935159686099261e-01
1.636935159835041786e-01
1.636935159570100384e-01
1.636935159561615505e-01
1.636935159443582977e-01
1.636935159464292244e-01
1.636935159645692972e-01
1.636935159631309755e-01
1.636935159686995211e-01
1.636935159534296802e-01
1.636935160590022587e-01
1.636935144285738275e-01
1.636935437833691442e-01
1.636930174061752008e-01
1.637024625320688542e-01
1.635329765774486688e-01
1.665742785340275922e-01
1.120003296986669394e-01
3.346645032373782858e-01
1.000000000000359046e+00
3.346645031772633727e-01
4.977351255833613042e-01
4.886475112464611636e-01
4.891539466456130136e-01
4.891257239610163898e-01
4.891272967293868179e-01
4.891272091013017520e-01
4.891272139836274624e-01
4.891272137125400876e-01
4.891272137247631435e-01
4.891272137216399196e-01
4.891272137381996732e-01
4.891272137378924745e-01
4.891272137439862666e-01
4.891272137373088302e-01
4.891272137331378334e-01
4.891272137427340461e-01
4.891272137145125098e-01
4.891272137242601015e-01
4.891272137090839078e-01
4.891272137224234595e-01
4.891272137269893627e-01
4.891272137260140873e-01
4.891272137249070284e-01
4.891272137407034482e-01
4.891272137292185795e-01
4.891272137374146345e-01
4.891272137365973438e-01
4.891272137096271955e-01
4.891272137363837924e-01
4.891272137037158685e-01
4.891272137291403088e-01
4.891272137271784337e-01
4.891272137348104954e-01
4.891272137501939121e-01
4.891272137413655297e-01
4.891272137266304276e-01
4.891272137285552768e-01
4.891272137137572251e-01
4.891272137231628681e-01
4.891272137230439077e-01
4.891272137270081810e-01
4.891272137250692875e-01
4.891272137352962179e-01
4.891272137383909646e-01
4.891272137372929540e-01
4.891272137389851005e-01
4.891272137232474115e-01
4.891272137229962791e-01
4.891272137135138642e-01
4.891272137168678480e-01
4.891272137328432912e-01
4.891272137257706154e-01
4.891272137476249116e-01
4.891272137363756323e-01
4.891272137198381942e-01
4.891272137267534403e-01
4.891272137034826106e-01
4.891272137443007373e-01
4.891272137153512278e-01
4.891272137304870093e-01
4.891272137384781171e-01
4.891272137353699923e-01
4.891272137488068550e-01
4.891272137135133091e-01
4.891272137333273484e-01
4.891272137310188062e-01
4.891272137087461225e-01
4.891272137301604372e-01
4.891272137098352513e-01
4.891272137494324657e-01
4.891272137354704674e-01
4.891272137343095072e-01
4.891272137285124222e-01
4.891272137184781155e-01
4.891272137118257146e-01
4.891272137267032583e-01
4.891272137172584245e-01
4.891272137450817237e-01
4.891272137336712955e-01
4.891272137376010964e-01
4.891272137397973951e-01
4.891272137188204527e-01
4.891272137322066338e-01
4.891272137205931458e-01
4.891272137221490124e-01
4.891272137176217449e-01
4.891272137228491190e-01
4.891272137324574332e-01
4.891272137373227635e-01
4.891272137512742146e-01
4.891272137363594785e-01
4.891272137255806007e-01
4.891272137278430132e-01
4.891272137095253880e-01
4.891272137281301169e-01
4.891272137161524203e-01
4.891272137363231187e-01
4.891272137303845358e-01
4.891272137410487830e-01
4.891272137292395628e-01
4.891272137318852797e-01
4.891272137247658636e-01
4.891272137242459461e-01
4.891272137261960529e-01
4.891272137065622028e-01
4.891272137245100127e-01
4.891272137162301359e-01
4.891272137391550201e-01
4.891272137379300555e-01
4.891272137316576840e-01
4.891272137489732219e-01
4.891272137345025750e-01
4.891272137392277397e-01
4.891272137216549631e-01
4.891272137256648112e-01
4.891272137078648830e-01
4.891272139927534401e-01
4.891272090892106461e-01
4.891272967403140770e-01
4.891257239553472580e-01
4.891539466436166106e-01
4.886475112551363909e-01
4.977351255723490575e-01
3.346645031856448904e-01
1.000000000000262901e+00
